test/fixtures/height/SD19.asc
ncols 200
nrows 200
xllcorner 310000
yllcorner 490000
cellsize 50
[rows 36 to 71 of 200, columns 80 to 159 of 200]
18.4 24.9 28.9 37.1 49.1 63.9 83.1 94.5 106.9 131.9 153.5 173.9 195.5 207.5 212.5 223.4 240.5 248.3 256.8 252.7 245.5 232.7 218.4 215.5 208.8 203.9 199.1 194.4 191.9 189.1 189.2 191.1 196.5 202.2 206 208.1 219.2 229 234.4 235.4 238.1 235.5 229.9 225.8 221.6 216.1 211.7 207.6 204.1 203.8 202.8 202.3 200 197.9 194.1 190.2 189.6 190.3 192.1 194.5 196.1 199.1 200.6 203.1 206.7 209.2 204.9 198.7 195.3 194.5 192 197.2 194.4 197.3 202.3 207.2 211.8 214.4 213.8 215.3
30.9 28.8 33.6 44.2 55.7 70.3 86.8 98.6 112.1 131.6 144.6 167.3 183.8 191.4 199.6 220.8 242.8 244.6 244.7 246.1 243.1 230 215.8 208.9 203.4 198.7 194 190.4 188.5 188.4 189.1 190.1 191.2 194.4 206.6 218.4 230.5 239.3 242.7 242.4 245.2 243.1 238.1 233.4 229.1 224.5 222 218.3 216.2 215.5 214 210.6 208.5 207.5 205 200 198.3 197.5 201 202.2 202.9 204.2 205.4 208.1 210.7 212.3 206.4 201.4 198.5 200.1 193 200.7 198.7 201.4 205.4 209.6 216.4 218.5 219.7 219.4
41.6 42.3 36.9 47.8 57.8 72 83.1 98.6 116.2 131.8 147.9 165.5 175.1 181.6 186.7 205.3 221.8 220.4 223.9 232.5 229.9 222.2 214.7 204.9 199.5 195.1 191.8 189.2 188.7 188.4 189.1 190.4 194.1 203.5 216.6 225.6 233.9 242.3 245.5 249.6 253.5 251.1 247.3 244.3 239.9 236.5 233.5 228.5 229 224.8 221.8 218 217.1 217.1 215.4 212.2 210.2 209.8 210.3 212.1 213.1 216.2 216.6 216.9 215.1 214.3 208.9 203.3 201.4 201.2 202.1 200.9 202 205.5 209.3 211.8 215.3 219.5 223.4 223.2
45.2 51.7 47.7 51 59.7 74.1 84.8 94 113.7 131.7 147.8 163.2 173.1 176 181.1 190.3 205.1 202.7 207.9 216.7 218 211.8 206.6 200 196 191.2 190 189.1 188.6 188.5 189.4 192.5 197.9 210.7 221.4 231.7 239 245.2 251.7 256.7 262.3 259.7 259.6 256.9 254.2 250.9 247.6 245 239.6 236.3 232.6 229.1 226.4 225.5 223.2 222.8 222 221.8 219.9 221.5 224.1 227.3 226.4 224.2 222.9 220.2 216.5 208.9 204.6 203.4 204.8 200.3 205 208.4 211.4 215.1 216.9 218.4 221.2 224
44.2 51.5 58 63.9 71.9 78.3 85.9 94.8 94.1 124.8 144.9 158.2 162.5 167.1 171.5 177.3 183.7 189.3 195.1 200.1 203.2 200.6 199 194.1 190.3 188.7 188.4 188.4 188.4 189.3 191.1 196.2 202.4 214.5 224.1 233 239.5 250.6 257.3 262.1 266.6 270.3 272.5 273.4 266.7 261.8 258.7 255.2 250.4 247.4 243.3 239.8 236.7 234.6 234.1 234.9 235.9 234.1 232.1 231.6 236.8 237.9 233.6 232.2 232.1 227.7 221.1 215 208.6 206.5 206.5 206 205.9 209.6 213.7 217 218.3 220.1 221.8 224.4
46.7 52.8 60.8 68.9 79.7 91.3 103.9 115.9 121.6 114.1 130.7 148.9 154 159.1 164.4 168.3 172.9 178.5 184.3 188.3 189.8 189.4 189.4 187.5 187.4 187.7 188 188.3 188.3 189.2 192.6 197.8 202.8 210.8 219.4 230.7 241.9 254.8 262.6 269 274.8 281.8 286.2 287.3 276.1 270.5 266.5 262 259.4 255.8 252.4 248 245.1 244.9 247.5 251 253.5 249.6 245.4 246.1 243.9 241.4 235.5 231.5 232.5 229.5 221.1 217.1 210.8 208.7 209.2 209.5 206.9 210.8 213.7 217.8 220.7 221.9 222.2 223.2
51.2 57.2 65.2 74.2 89.4 104.5 120.5 129.7 135.7 139.8 136.5 137.3 151.6 159.2 162 166.7 171.4 171.8 174.2 177.4 180.6 183 183.6 185.1 187.6 188.2 187.8 188.1 188.9 190 192.5 198.1 203.9 212.3 220.2 230.3 243.1 255.3 262.6 274.1 283.3 295.7 303.1 295.5 285.8 276.7 273 270.2 267 262.9 259.9 256.1 254.9 255.1 257.4 263 266.3 261.3 254.7 250.2 246 241.3 234.9 230.7 228.1 226.5 220.5 216.3 212.3 212.4 213.9 213.3 210.6 210.7 214.4 217.9 220.4 221.3 221.4 221.4
59.3 66.4 75.1 88.2 102.8 118.7 131.7 140 144.6 149.1 150.7 136.8 148.4 157.7 160.6 161 160.4 163.1 168.7 174 180 184.2 186.8 191.5 193.1 193.7 190.5 190.7 192 193.9 195.6 203 209.3 215.7 222.9 232.8 242.3 251.6 262.9 279.8 289.4 302.8 309.5 302.1 296.3 285.3 277.3 274.6 271.5 269.1 266.9 266.8 264.5 262 262.1 264 265.2 261.3 256.3 250.7 245.7 239.6 232.9 228.9 226.8 224.5 219.9 217.2 215.4 214.9 215.3 215.3 214.2 210.7 212.9 216.2 218.2 219.1 219.5 220.7
73.1 79.8 90 104.3 118.7 131.9 140.1 148.3 152.2 153 154.8 156.2 152.8 155 159.4 154.3 165.8 171.6 172.2 178.2 182.3 187.1 189.9 195.1 200.6 201.8 201.1 201.8 201.2 200.7 203.4 208.8 215.5 222.4 233.3 241.7 251.5 259.7 270.4 289.9 299.1 306.9 314.3 307.9 302.8 296.7 284.8 278.2 274.9 273 272.9 273 269.8 265.6 263.7 262.8 262 259.6 254.9 249.6 244.2 238.7 233.3 229.5 225.6 222.9 220.5 219.2 217.6 216.6 216.3 216.4 215.6 213.4 214.1 216.2 217.5 218.8 220.5 221.2
88 101.8 113 123.9 132.9 147.6 154.6 160.6 160.6 160.6 161.9 165.3 164.8 166.9 170.2 172.9 163.3 167.3 174.6 179.9 184.8 189.5 192.5 196.8 205.9 212.8 215 215.5 213.5 210.4 211.8 217.6 225.9 230.6 237.5 245.8 254.4 264.3 277.1 296.1 306.1 310.5 310.7 303.4 301.5 296.5 292.4 283.5 278.7 275.4 274 273.1 271.2 266.7 264.9 263.7 261.5 258.2 253.4 247.8 243.8 238.1 232.5 229.6 226.6 226 224.3 223.8 222.9 218.2 217.4 216.9 216.7 216.2 215.5 217.1 218.8 220.7 222.7 222.6
100.3 114.9 130.4 140.4 145.5 149.7 159.4 161.7 165.7 168.9 171.3 171.6 172.7 172.9 175.5 176.4 171.7 167.5 176.7 180.3 185.9 191.5 198 204.1 214.7 227.9 228.9 229.8 228.5 229 228.2 232.7 238.1 237.3 237.6 248.9 257.4 269.9 285.5 294.8 294.2 293.4 289.5 285.9 290.2 292.7 291.1 289.4 282.1 277.8 274.3 272.6 269.7 266.9 265.7 264.7 260.7 256.5 251.8 245.4 240.2 237.1 232.9 230.4 229.2 227.7 226.5 226.3 225.8 222.5 219.9 218.4 218.3 218.1 218.2 218.8 219.9 221.9 222.7 223.8
113.8 128.1 144.6 151.1 156.2 158.2 166.4 169.2 171.9 174.9 176.9 179.7 180.6 181.4 179.5 180.5 176.7 173.7 179.7 182.9 188.4 194.6 200 207.5 222.8 243 256.8 247.8 248.3 249.3 245.1 249.5 250.1 249.7 251.2 258.5 266.4 276.4 282.5 284.4 282.1 279.9 278 279 283.5 287.9 289 288.4 279.1 274.2 274.1 272.3 269.7 266.7 263.6 259.8 256.7 252.3 245.8 243 242.2 240 233 231.3 231.1 230.6 228.8 228 226.9 224.8 222 220.8 220.5 220.2 220.7 221.5 222.2 222.6 223.6 224.8
127.7 136.8 150.5 158.2 164 169.1 172.8 178.1 181.4 182.4 183 184.4 185.4 185.9 187.5 186.9 182.4 186 179.1 186.3 189 194.6 200.1 207.9 222.3 241.5 259.3 273 261.6 264.8 260.1 260.6 262.6 261.2 261.3 265.3 268.6 270.7 274 274.9 273.2 272.6 272.8 272.6 275.3 276.7 276.8 273.3 269.7 268.7 268.8 268.7 266.9 263.6 259.1 255.4 250.5 247.5 245.1 244.2 244.1 240.9 234.9 233.3 233.1 232.6 232.6 232.7 231.9 230.8 228.3 226.2 223.6 222.6 223.5 224.1 224.2 224.4 225.1 226.6
148.1 150.7 160 169.5 173.9 178.2 179 185 188.3 189.9 191.4 189.4 191 193.4 193.2 192.6 188.6 186.4 177.5 186.9 192.5 197.5 206.1 213.6 222.2 240.4 261.6 282.5 282.7 273.2 275.3 277 274.5 270.8 269.2 268.1 269.1 269.8 270.2 271.8 271 270 269 265.4 263.4 263.7 265.2 264.5 263.7 263.6 262.6 261.3 259.6 257.4 253.5 248.8 247.6 246.6 246 244.5 243.6 241.4 241.6 240.4 239.4 238 239.5 240 239 237.2 235 232.9 230.9 227.4 228.1 228 227.8 228.2 227.8 228.7
161.3 163.5 165.3 173.2 181.1 186.7 187.9 192.1 194.8 195.5 197.2 198.1 199.1 199.1 199.2 197.7 193.9 189.7 184.6 190.5 195.2 201.2 210.3 220.2 231 245.9 271.3 299.8 298.8 285 281.3 281.2 279.3 275.4 273.8 269.7 269 269.1 268.6 267.8 266.3 264.3 261.8 258 256.7 256.8 258.5 259.7 260.6 258.7 256.6 254.5 252.9 250.4 249 248.2 247.7 246.9 246 246.2 246.4 246.4 250.8 249.9 247.3 246.6 245 244 242.8 241.2 239.6 238.4 237.2 235.7 234.6 234.2 234.2 232.6 230.7 230.3
168.4 175.5 173.7 183.9 188.8 191.9 194.7 195.1 197.4 198.4 200.8 201.9 203.7 204.3 203.8 202.9 199.6 194.4 187.4 194.4 199.4 204.9 215.6 226.5 239.6 256.3 280.5 300.7 296.8 288.7 284.8 281.1 277.9 275 272.3 269.7 267.9 266.6 264.3 262 259.3 257 256 253.4 253.1 252.1 251.4 252.5 253.3 252.3 251.4 249.2 248.9 249.3 249.7 248.8 248.2 247.2 247.1 249.4 251.2 252.7 253.6 254.6 253.3 251.8 250.5 249.3 247.8 246 243.8 242.3 240.9 238.6 237.4 237.4 237.1 236.3 232.9 231.7
176.7 182.5 183.6 186.9 192.1 196.7 199.1 198.5 198.5 200.8 203.7 206.5 208.1 209 207 205.2 203.3 200.6 188.5 199.7 204.2 209.6 220.2 231.3 246.6 270.1 292.1 296 294 291.2 284.1 279.4 274.8 273 270.8 268.3 264.6 261.4 259.1 257.1 252.8 250.8 250 249.3 247.8 246.5 244.8 245.3 244.9 247.1 246 246.5 247.8 248.9 249.6 249.7 248.9 248.3 248.9 250.4 252.8 255.7 256.4 257.6 258.6 257.8 256.2 255 253.5 251.6 249.1 246.8 245 242.2 241.2 240.6 240.9 240.1 236.2 233.3
181.7 185.3 189.3 191.2 195.6 200 201.5 202.3 199.6 201.3 206 209.2 209.7 208.8 208 207.7 208.6 209 202.8 199.7 208.8 213.9 225.4 238.9 256 282.5 283.8 290.1 294.1 290.9 280.6 273 268.2 266.2 265.7 263.2 259 256.1 252.6 248.8 247.1 246.4 245.7 244.6 243.5 241.4 239.4 239.5 241.7 244.4 245 245.6 246.7 248.2 249.5 250 250.3 252.7 257.1 262.8 268.3 270.9 269.8 268.2 266.6 264.5 262.6 260.6 258.7 256.6 254.1 251.9 249.6 246.7 245.2 244 243.1 242.4 240.1 234.4
183.9 188.8 191.6 196.7 198.5 201.6 203.1 203.4 202.8 202.3 206.9 209.2 209.9 209.7 210.2 212.7 214.2 217 215.3 204 206.1 220.9 235.9 242.7 255.4 268.8 273.8 276.7 280.1 276 268 263.9 260.3 256.9 255.3 253.2 251.1 248.3 246 244.2 241.9 240.3 240.4 239.8 240.3 237.4 234.7 237.8 244.1 251.8 249.6 251.4 251.8 249.1 250.8 253.4 256 258.4 263.4 267.6 273.1 276.6 274.8 273 270.8 268.8 266.4 264.6 262.8 260.7 258 255.3 252.6 250.4 247.7 245.6 244.2 243.1 242 238.7
185.2 192 196.2 198.7 200.1 202.7 205.5 206.7 205.4 204.2 207.7 209.6 210.9 212.1 214.3 217.4 218.8 220.4 222 220 203 227.1 237.3 243.2 251.2 257.6 261.2 265.3 262.3 260.1 259.4 256.4 252.5 248.4 244.2 242.7 242 241 240.5 239.5 235.3 234.5 234.3 234.9 234.1 234.1 234.1 238.5 246.5 253.4 263.8 268.2 265.7 264.6 264.5 264.9 264.9 264.4 266.6 268.7 272.5 276.4 276.9 275 273.2 271.5 269.7 268.1 266 264.1 261.7 259 255.5 253.2 250.8 249 248.2 247.1 245.3 242.6
188 194.3 197.7 200.1 201.8 205.4 208.8 209.7 207.7 208.1 208.8 211.3 213.4 214.7 216.6 218.9 220.9 223.5 225.4 226.5 211.4 228 237 240.4 243.9 246 248.3 250.1 251.8 249.6 250.8 248.6 244.1 238.7 236.5 235.3 235.2 234.5 236.1 234.9 234.1 234.1 234.1 234.1 234.1 234.1 236.6 242.7 251.1 262.3 274.3 281.8 279.7 278.1 274.9 273.9 273.1 271.7 271.6 272.2 274.4 276.1 276.8 275.7 274.3 272.9 271.7 269.9 268.4 266.4 264.1 260.6 257.3 255.5 254.3 253.1 251.9 250.2 247.7 244.3
191.2 194.7 198.8 202.9 205.5 208.5 209.5 210.3 208.9 210.6 210.3 212.3 213.7 215.2 218.1 220.9 222.3 224.6 227.5 229.5 225.9 216.2 233.9 236.9 237.8 238.4 239 238.8 240.1 241.5 241.4 239.4 237 234.1 234.1 234.1 234.1 234.1 234.1 234.1 234.1 234.1 234.1 234.1 234.1 234.1 238.9 250.4 263 272.7 299.9 302.7 292.6 287.6 284.1 281.7 280.4 279.1 277.6 277.2 277.3 277 276.8 276.4 275.6 274.6 273.4 271.5 269.8 267.6 265.2 261.4 258.1 257 256.7 255.3 253.8 251.6 248.8 245.6
192.1 195.8 201.6 205.8 207.7 208.4 209.6 210.6 212.7 214.1 213.1 213 214.8 216.1 218.4 221.3 223.8 225.9 228.9 232.7 232.5 229.4 230.1 235.2 236.5 236.5 236.9 236.7 234.8 234.2 234.3 234.1 234.1 234.1 234.1 234.1 234.1 234.1 234.1 234.1 234.1 234.1 234.1 234.1 234.1 237.6 249.5 258.2 269.8 278 298.9 293.6 291.8 290.4 287.5 285.6 284.4 283.4 281.5 280.2 279.9 279.6 279.1 278.4 277.5 276.4 275 272.9 270.6 268.1 265.9 263.5 260.9 259.3 258.5 256.9 254.6 251.9 249 246.3
194.4 202 206.2 208.2 212.2 211.2 212.1 214.9 215.9 217.2 217.6 215.2 217.2 218.6 221.2 223.3 225.3 227.2 230.1 234.4 238 237.2 226.2 231 234.5 235.4 234.9 233.2 234.1 234.1 234.1 234.1 234.1 234.1 234.1 234.1 234.1 234.1 234.1 234.1 234.1 234.1 234.1 234.1 235.7 242.2 249.3 255.6 260.3 270.3 277.2 280.8 287.2 288.5 286.2 285 284.4 283.3 281.7 280.8 281 280.4 279.5 278.9 277.7 276.3 274.6 272.2 269.8 267.5 265.3 263.4 262.3 261.2 259.5 257.5 254.7 251.8 249 246.4
197.2 205.8 211.8 215.9 215.2 216.1 213.7 215.6 216.7 217.7 216.8 218.4 219.6 221.4 223.4 225.2 227.3 229.3 233.7 236.6 239.7 241 239.4 236.6 234.6 232.9 234.1 234.1 234.1 234.1 234.1 234.1 234.1 234.1 234.1 234.1 234.1 234.1 234.1 234.1 234.1 234.1 234.1 234.1 235.4 240.6 244.6 249.9 254.1 266 271.8 272.8 276 281.4 281.9 280 279.8 279 279.5 280.7 281.4 279.9 278.6 277.2 275.4 274 272.3 270.2 268 265.8 263.3 260.9 259.3 259.1 257.7 255.1 252.4 251.3 249.1 246.3
200.4 211.2 218.8 223.9 225.6 224.3 223.7 218.2 219 218.8 216.9 220.4 222.6 222.2 224.5 226.6 229.9 234.9 236.6 237.8 241.7 244.1 243.7 241.3 238.8 233.4 234.1 234.1 234.1 234.1 234.1 234.1 234.1 234.1 234.1 234.1 234.1 234.1 234.1 234.1 234.1 233.3 234.1 234.1 234.2 237.8 241.6 246.9 250.5 256.5 262.5 265.9 268.7 272.3 274.7 273.9 273.2 273.6 274.3 275.9 278.2 276.9 275.4 273.6 271.7 269.8 268.1 266.2 264.6 262.4 261.1 258.8 257.1 256 254.2 252.6 251.2 250.4 248.2 245.5
203.6 215.9 222 226.7 229.1 228.9 222.9 221.7 218 216.7 216.3 220.8 222.5 221.4 224.3 227.9 230.8 233.5 236.9 239.1 242.6 245 244.7 241.6 237.5 234.1 234.1 234.1 234.1 234.1 234.1 234.1 234.1 234.1 234.1 234.1 234.1 234.1 234.1 234.1 234.1 234.4 233.9 234.5 234.1 235.9 239.2 245.4 248.6 251.9 256.9 260.9 263.9 266.4 269.5 267 264.9 266.3 267.8 268.9 268.7 268.9 268.8 267.2 266.3 264.4 262.4 260.9 259.5 258.6 257.2 256.7 255.3 254 251.2 250.2 249.2 247.2 243.7 239.7
202.9 214.3 224.7 231.1 230.5 227.7 221.3 221.4 216.7 214.6 214.7 217.1 218.3 219.1 223 227.1 230.4 234.8 240 241.7 241.8 242.3 241.9 239 235.4 234.1 234.1 234.1 234.1 234.1 234.1 234.1 234.1 234.1 234.1 234.1 234.1 234.1 234.1 234.1 234.1 234.7 235.8 237.1 237.7 237.1 238.8 242.8 248.6 254.3 257.9 259.3 260.8 261.9 262.6 260.6 258.4 258.2 258.3 257.2 258.2 258.3 259.4 259.7 259.5 258.2 256 255 253.9 253.1 252.6 251.7 251.4 249.4 247.7 247.2 245.6 242.7 237.7 236.2
203.5 216.3 227.5 228.1 228.9 223.8 218.8 217.1 213.2 212.4 212.5 214.8 214.5 215.4 220.1 225.1 230.8 239.2 243.3 241.8 240.3 241.2 240.8 239.3 237.4 235.1 233.5 234.1 234.1 234.1 234.1 234.1 234.1 234.1 234.1 234.1 234.1 234.1 234.9 235.9 235 237.6 238.3 239.2 240.1 240.3 241.1 243.5 250.3 256.5 258.8 258.2 258.4 258.6 258 254.7 254.1 251.8 248.5 248.7 249.4 249.3 249.9 251.6 252.3 251.5 249.5 248.4 247.8 246.8 245.6 246.7 246.6 246.1 245.6 244.5 242.8 239.2 236.3 235.9
208.1 213.8 221.6 223 220.4 216 213.1 208.9 206.8 206.8 207.8 208.7 210.1 213.9 219.5 224.5 230.9 234.5 236 238.6 240 241.2 241.4 240.6 239.5 239.1 238 234.8 234.1 234.1 234.1 234.1 234.1 234.9 235.2 232.6 235.1 236.1 238.3 240.7 241.5 241.7 241.5 243 244.8 244.7 243.6 244.3 246.7 249.4 251.1 253.4 254.6 254.7 252.8 249.9 247.1 245.2 244.2 243.7 243.3 243.7 245.3 246.3 246.7 246.6 246.2 245.2 243.6 244.2 244 244.1 244.9 245 244.4 242.9 241.6 238.4 236.5 236
209.4 214 215.2 214.7 213.1 210.6 206.4 204.8 204.1 204.5 206 207.6 210.9 214.6 220.8 227.7 231.2 233.8 238.3 241.7 241.7 242.3 242.9 242.1 240.9 239.9 238.2 236.3 236.2 236.4 236 237.2 240.3 244.7 244.5 243.8 242.7 249.1 256.7 250.5 252.5 252.3 248 246.9 249.2 250.2 249.3 246.5 247.7 248.8 249.7 251.7 253.8 251.8 248.8 245.8 242.8 240.7 239.6 239.4 239.5 240 241.6 242.8 243.3 243.4 242.7 241.8 240.5 240.9 241.5 243.5 246.1 246.8 245.2 242.3 240.7 238.3 237.4 236.1
211.4 210.8 209.1 208.7 206.8 205.2 204.2 202.8 203 203.5 205 207.8 212.8 218.4 225.6 233.2 237.8 240.9 244.4 248.5 249 249.4 247.3 246.8 245.2 243.4 240.2 239.3 243.4 245.9 248.2 250 252.9 259.2 254.9 254.8 254.8 257.8 260.8 256.8 259.7 258.3 254.9 251.9 252.3 252.6 253 249.8 249.5 251.4 252 253.2 251.8 247.8 244.9 242.8 240.7 239.7 239.4 239.2 239 239.2 238.7 239.3 239.1 238.8 238.8 238.7 238.7 238.6 239.2 240.8 245.1 245.2 244 242.1 240.5 239 238.1 237.5
210.2 206.7 205 204.2 203 202.5 200.8 200 200.4 202.3 205 207.1 214.3 223.5 235.3 247.7 249.8 252.9 258.7 260.7 256.3 257.6 256.1 253.5 250.9 249.2 246.8 252.3 258.2 262.9 265.2 267.3 278.3 277.9 267 266.2 264.2 265.1 264 261.2 262.2 260.5 258.5 257.2 257.2 255 255.6 253.4 251.9 253.4 255 252.6 249.6 246.8 245 244.4 243 240.9 240.3 239.6 239.4 239.9 239.4 238.9 238.8 238.6 238.2 238.1 238 237.8 237.8 239.1 241.2 242 242.1 242.7 242 240.2 238.8 238.2
205.5 203.8 202.1 201.2 199.8 198.8 197.9 198.4 200.4 203.6 207 211.7 219 228.6 238.7 249.3 258.4 261 269.6 272.2 265.4 263.1 261.5 260.3 257.3 257.5 261.3 270.2 284.8 289.3 288.8 292.7 298 292.3 278.9 277.4 275.7 272.8 270.7 266.2 265.9 266.6 264.6 261.9 260.1 260.7 264.9 263.6 260.6 255.6 253.8 251.7 250.2 248.6 248 247.3 246.5 244.1 241.7 240.1 239.9 240.5 240.1 239.5 239 238.9 239 239.3 238.6 237.9 237.4 237.1 237.9 239.3 240.5 242.3 244.1 244.5 241.3 238.9
201.1 199.9 198.6 197.1 196.6 196.5 197.2 199 203.5 206.4 210.4 216.2 224.5 234 245 255.4 264.3 271.4 272.8 274.1 272.4 270.1 268.8 265.5 264.9 267.4 271.8 277.2 287.4 295.2 302.9 309.1 310.3 307.6 292.2 290.7 286.6 281.7 277.3 271.1 273.1 271.4 269.3 266.2 266.9 267.1 271.7 269.4 266.5 263.4 258.3 253.6 253.5 252.7 250.4 248.2 246.5 243.6 241.7 240.9 240.9 240.7 240.6 240.3 239.7 241.2 242 241.4 240.5 238.6 237.7 237.5 236.8 237.7 238 239.8 243.1 243.1 240.1 237.5
198.1 197.1 195.6 193.9 194.4 195.1 197.2 201.1 205.7 210.3 215.1 219.5 230.6 243.3 256.7 269.2 277.5 285.2 282.3 281.9 281.3 279.6 277.4 274.5 272.5 274.9 280.9 289.4 301.1 310.2 315.2 323.3 327.8 321.1 305.4 300 295.6 290.6 283.5 277 277.3 273.7 271.7 270 269.8 269.3 269.5 270.1 269.3 268.6 266.1 259.6 255.4 252.7 250.7 248.2 244.8 242.5 241.5 242.2 242 242.3 241.5 240.7 245.1 247.2 247.7 243.8 242.3 240.4 239.3 238.3 237.8 237.1 236.3 237.8 240.4 239.6 237.2 235.6
