test/fixtures/height/SD19.asc
ncols 200
nrows 200
xllcorner 310000
yllcorner 490000
cellsize 50
[rows 72 to 107 of 200, columns 80 to 159 of 200]
195.3 194.1 192.4 191.6 192.6 195.4 198.3 203 207.8 214.3 219.9 226.9 239.2 256.4 269.7 283 291.8 294.7 293.9 291.6 292.5 288.2 285 283.6 283.8 296.4 299.3 315.3 324.4 331 332.9 330.8 335.1 329.3 313.9 305.1 297.6 291.2 286.9 283.8 282.5 278.4 273.5 272.9 274.6 274.8 273.7 272.6 271.5 273.1 271.7 267.9 261.4 255.5 251.9 248.2 244.4 242.6 242.4 243.1 244.1 243.9 243.4 247.9 252.6 255.2 252.5 248.6 245.6 242.3 240.9 240 239 237.8 236.2 236.4 237 237 238.2 234.8
191.3 190.6 190.2 189.2 190.3 194 199.1 204.7 212.5 220.6 224.6 237.2 257.1 268.4 280 295.7 310.9 308.8 305 305.2 299.3 295.6 292.2 293.9 295.5 311 313.5 325.3 337.5 347.2 347.3 345.6 337.1 328.4 317.3 308.4 301 297.8 294.5 289 287.5 283.8 278.1 278.5 285.7 285.3 283.2 282.5 276.8 274.4 274.3 271 266.8 260 254.8 249.2 245.2 244.6 244.5 244.8 247.5 247.4 249.2 254.8 258.1 257.6 255.4 252.5 250.2 246.2 243.9 243.2 241.7 238.8 237.2 235.5 234.6 235.7 237.4 234.8
188.6 188.4 187.9 187.2 188 192.7 198.9 208 216.9 226 232.4 247.2 261.4 278.6 295.2 303.7 310.1 317.2 317.3 318.3 309.7 305.8 304.4 303.5 305.4 316.9 327.2 335 345.1 355.9 356 353.5 346.1 331.9 320.5 313.2 307.5 304.1 303.1 302.3 292.9 286.9 282.3 282.4 285.5 289.9 292.2 290.5 285.8 278.6 275.7 273.9 271.2 268.4 264.6 257.3 249.8 247.8 248.2 248.5 249.5 250.8 252.6 255 257.2 257.6 257.6 255.3 253.7 251.5 249.3 247.2 244.2 241.6 240.1 239 236.1 233.7 233.3 237.4
185.9 185.8 184.5 182.7 188.3 195.2 199.9 212.2 223.4 233.7 240.8 254.7 266.7 286.9 307.2 314.9 316.2 319.4 328 332.6 323.9 316.1 316.9 318.9 320.4 333.9 340.6 353.3 364.2 374.2 369.2 360 347.8 333.7 326.5 321.7 314.9 307.2 305.9 303.4 297.8 291.8 287.3 286.6 288.5 293.3 300.1 297.8 292.8 286.1 281 278.4 275.2 274.8 271.7 264.5 260.7 256.9 252.9 252.9 253.8 252.8 255.6 255.9 258.5 259.6 260.1 259.1 258.7 256.8 254 251.7 247 244.3 242.5 241.1 238.2 233.7 231.8 235
182.8 182.4 180.9 182.3 191 198.3 205.1 219.8 236.6 245.6 246.9 265.4 278.7 290.9 307.6 319.4 327 325.2 327.7 332.1 334.3 328.6 330 333.8 334.7 343.5 353.6 372.2 380.3 381.9 370.3 359.9 347.8 335.4 335.3 332.6 326.5 317.9 309.2 308.6 307.8 298.9 293.4 292.1 293.7 293.9 299.1 303.9 297.9 293.4 293.7 286.2 283.4 279 276.4 272.9 268.6 264.9 260.9 258.8 258.3 256.5 258.7 261.9 264.6 265.3 266.8 265.4 263.4 261.4 258.5 254.7 250.8 246.9 242.6 240.2 236.9 233.3 231.6 229.5
178.7 178.1 178 182.3 192.1 204.5 211.6 232.6 247.5 253.8 248.6 262.7 278.7 297.9 305 325.3 327.4 330.5 332.2 337.7 344.5 343 337 337.6 340.5 345.9 354 365.9 378.8 382 375.1 365.2 349.8 341.9 344.9 341.8 342.1 330.5 318.2 314.4 313.1 305.8 300.1 298.6 297.4 301.3 302.5 303.7 306.3 304 302.2 296.9 292 285.8 284.3 288.5 279.9 273.8 270.1 268 267.1 264.7 265.2 267.7 269.8 272.5 276.1 273.7 271.1 267.6 263.4 258.7 254.2 249.1 243.7 240.2 237 233.9 231.6 230.4
174.8 175.3 177.5 184 198.3 214.3 218.5 237.6 250.8 253 247.3 257.6 283.3 295.6 308.8 324 329.2 333.9 341.1 349.5 356 358.4 356 342.9 345.7 349.9 355.8 361.8 372.6 381.6 375.7 365.7 353 347.8 348.7 349.7 347.1 342.4 330.3 319.3 316.4 312.6 308 307.1 309.2 314.8 317.7 313.5 312 312.1 312.6 307.4 303.1 297.3 295 296.3 287.3 284.7 281 276.6 274.4 271.9 273.6 274.7 275.2 277 279.6 279.4 277.2 273.2 269 264.3 259.1 253.3 247.5 242.5 237.9 234.4 231.6 230.3
172.9 175.3 177.5 185.3 202.2 217.7 226 230 238.1 245.8 242.3 252.2 270.3 281.6 301 316.5 326.9 347.9 356.2 355.9 360.4 362.2 361.7 348.9 349 353.7 357.9 364 373.6 380.5 378.8 366.9 355.2 355.6 358.9 364.2 363.6 351.9 342 331.6 324.1 317.8 314.4 317.8 322.4 324.2 322.9 326.1 325.1 319.8 320.7 318.1 311.2 306.7 303.3 300.2 297 295.8 293.6 288.5 284.2 280.2 280.3 280.9 281 282.9 283.2 282.8 281.6 278.8 274.4 269.6 263.8 257.8 251.6 245.4 239.7 234.3 231 229.8
173.9 176.9 179.8 187.4 199 209.7 218.4 220.1 225.4 230 236.4 241.8 258.2 278.3 294.9 311.5 328.1 342.8 353.4 360.8 363.1 362.8 358.3 356 358.2 364.4 365.2 366.6 377 382.7 382 365.9 359.2 365 370.5 377.2 376.8 361.9 352.9 343.4 333.2 327 324.8 329.4 333.9 335 335.8 339 339.8 338.2 330.2 327.1 323.5 319.2 313.4 309.3 304.2 302.4 298.8 294.9 290.7 286.3 285.7 286.7 287.4 289.2 289.3 288.2 286.9 284.8 280.9 275.8 268.8 263.4 256.4 248.8 242.2 235.8 231.5 229.1
175.1 178.1 181.4 187.8 196 203.4 206.8 211.7 219.3 229 237.6 245.2 256.6 272.3 291.7 307.3 321.3 335.1 351.2 363.9 370.3 372.4 370.6 368.6 367.5 371.9 378.3 377.8 378.6 378.6 374.1 366.2 368.1 378.7 384.6 387.5 383.6 370.3 362.7 351.2 341 335.3 336.7 340.4 341.1 342.7 345.4 350.7 349.9 344.6 338.6 338.8 332.6 328 321.6 318.3 311.6 307.6 304.4 301 295.2 294.3 294.1 293.1 293.8 294.9 295.1 295.1 295.1 292.3 287.9 282 275.3 269.7 262.1 253.9 246 239.6 233.3 229.6
175.8 179 183.3 187.3 191.8 197.7 201.9 210.6 221.8 232.7 243.1 254.7 260.5 270.8 286.2 304.1 328.5 348.5 366.7 378.7 387.6 389.9 388.5 391.9 385.7 382.1 388.9 385.2 384.2 378.3 370.7 368.2 374.4 382.1 391.8 392.5 388.4 379 370.3 360.3 349.9 345.5 347.2 352.1 353.4 349.5 351.6 353.8 356 353.6 347.9 342.2 337.6 328.3 329.2 323.8 317.6 313.3 311.4 306.7 302.6 301.9 303 302 301.4 301.3 303 303.5 303.2 300.4 294.9 289.3 282.6 275.8 268.2 261 252.7 244.5 237.2 231.7
176.6 179.7 183.4 186.1 189.6 194 202.8 216.1 223.4 237.8 249.3 262.5 271.8 279.9 292.3 316.6 340.1 363.3 396.7 406.3 405.2 402.3 403.8 406 400 392 389 388.7 382.4 373.7 372.8 376.2 383.3 387.3 390.6 395.6 395.8 387.3 377.1 369.1 359.9 356.3 356.6 357.1 357.8 359.9 363.8 361.2 363.2 360.5 351.5 347.4 342 336.3 333.3 328.3 323.8 320 316.2 311.7 309.7 310.6 310.8 310.6 310.4 311.8 314.2 314.9 312.6 308.6 302.9 296.6 288.9 281.8 274.8 267.8 260.6 252.7 245.6 239.2
174.9 179.8 183 185.1 188.1 191.5 201.4 216.7 232.6 246.9 261.5 274 285.8 293.1 302.2 325.6 347.4 366.1 393.8 408.6 410.4 414.9 414.6 413.4 410.8 403.1 394.4 387.7 379.8 375.5 380.3 392.8 402.9 405.7 400.9 399.6 400.1 396 386.1 378.6 369.5 363.1 361.2 362.6 366.6 371.7 372.7 370.4 368.2 361.8 354.6 349.6 343.9 341.2 337 331.8 327.8 324.1 321.7 315.9 317.1 317.5 319.6 320.9 322.5 324.3 324 323.2 321.6 318.2 312.7 306.5 298 288.9 280.8 274.5 268 260.7 256.8 247.6
179.3 181.7 184.1 183.5 185.8 197.8 218.1 238 245.7 259 275.5 284.4 292.7 297.1 304.9 314.8 333.6 358.4 383.9 401.5 410 420 426 426.7 419.7 407.9 397.5 390.2 390.3 390.7 400 410.9 419.9 424.7 419.3 412.2 408.1 402.6 396.4 387.3 378.6 371 368.4 370.6 372.9 376.9 375.3 371.8 369 363.3 356.1 353.2 349 342.5 338.5 335.1 331.9 329.3 326.9 321.4 324 327.7 333 333.8 335.7 336.6 336.8 333.6 331.8 328.3 324 319.3 310.2 299.7 290.7 285.5 277.6 271.6 265.2 255.1
176.4 179.5 181.3 181.1 194.9 220 244.8 254.5 260.3 268.5 282.9 288.5 292.8 298.3 306.9 311.2 324.5 347.5 373.3 392.7 418.2 433 433.9 433.3 424.7 413.6 406.2 401.2 400.6 412.5 420.8 433.2 438.5 438.6 431.8 426.7 424.9 414.1 404.5 395.9 389.2 380.5 379.5 380 379.7 379.9 377.9 375.2 371.2 366.6 357.5 355.3 351.4 347.6 342.8 338.9 336.6 334.2 330.6 328.7 332.5 334.8 339.7 342.3 343.3 347.3 347.9 347.9 343.4 339.8 336.4 333 323.9 312.5 302.5 296 288.1 280 272.6 262.9
171.2 174.4 178.1 191.3 212.5 239.5 256.1 264.2 274.1 277.5 281.6 287.4 294.8 297.9 305.7 313.7 325 345.9 371.4 398.2 427.9 439.6 436.6 433 426.2 420.8 416.3 413.6 422.8 435.4 438.7 446.9 450 448.3 444 441.8 438.1 428.6 419.6 405.2 398 391 388.3 386.6 387.6 386.2 382.7 380 373.8 369.5 363.6 357.9 355.5 349.9 346.2 343.1 339.9 337.6 334.6 334.3 336.2 338.7 342.5 346.2 350.9 354.4 356.9 358.3 357.2 352.9 351.5 346.4 335.8 324.8 316.5 309.7 304.7 292.7 280.6 270.7
170.1 176.7 189.2 206 227.2 246.4 261.3 272.1 279.8 282.4 284.5 293.6 296.4 301.1 312 322.5 333.2 346.9 375.7 405.4 422.4 434.2 433.5 428.5 426.6 425.7 425.4 424.3 433.9 450.6 452.7 461.5 464.4 461.2 456.6 452.6 448.5 443 434.5 417.7 407.5 402.9 400 391.6 391.8 387.7 385.9 382.6 377 372.4 368 361.5 358.4 351.8 350 345.9 342.7 340.6 337.5 339.1 340.5 343.6 350.4 356.5 359.8 367.6 371.1 369.3 370.4 369.8 365.4 357.6 348.3 338 333.1 329 322.1 308.2 294.1 283.5
176.8 185.7 200.4 220.1 236.8 256.1 269.5 279.3 282.7 287.8 290.6 295.2 300.2 304.6 313 324.3 339.2 355.8 373.5 400.9 421.3 428.5 424.6 421.9 428.8 433.8 434.2 433.6 444.2 450.2 461.3 471.7 472.1 469.5 469.3 464.4 457 451.1 442.4 427 419.2 412.7 409.4 401.5 393.7 392.4 391.4 384.9 379.7 376.9 373.5 367 361.4 355.7 354.3 349.2 345.8 343.7 341.1 343.3 345 350.6 359 365 370.3 378.4 380.5 383.4 386.2 382 374.7 366.7 358.2 351.3 347.6 340.2 332.5 321.7 308.9 294.2
181.9 194.9 212.8 230.9 248.4 262.5 273.7 280.8 287.5 293.3 295.5 298.2 302.7 305.8 312.6 326.9 342.3 361.2 372.9 381.8 395 402 404.4 417.2 427.1 438.5 439.8 439.4 440.1 448.1 464.2 475.8 478.4 482.1 478 470.6 463.4 454.8 447 434.1 425.5 419.5 417.4 411.6 402.7 398.3 393.6 385.2 384.4 381.3 375.8 370.4 363.6 359.1 356.2 352.2 348.8 345.8 344.5 346.7 350.1 357.9 365 373.4 379.6 386.7 393.7 396.3 394.4 390.2 384 375.2 367 361.2 355.6 347.4 337 323 309.1 295.6
190.2 206.1 224.9 243.1 258.1 266.6 275.2 283.4 293 296.2 299.9 302.8 305.9 308.6 312.8 327 343.4 363.4 375.8 377 376.2 379.1 395.1 412 428.2 441.7 442.7 443.4 444.3 456.6 468.2 478.3 479.4 487.8 481 474.4 466.7 455.7 447.2 437.1 429.7 425.8 420.8 417.3 411.8 401.7 394.3 387.9 387.1 383.3 377.7 370 365.7 363.3 359.1 354.3 351.3 347.6 347 350.1 356.3 363 370.5 380.3 390.3 399.3 402 402.4 400.4 397.2 389.7 380.9 376.3 370 362 350.7 337.2 324.2 308.7 296.3
199.8 214.6 228.4 243.9 258.1 271.1 281.1 288.2 297.4 302.6 306.3 307 308.3 311.2 314.9 327.8 338.9 362.6 364.7 362.5 365.2 371.2 384.6 403 425.9 443.3 445.8 448.5 449 456 465.6 468.8 473.3 480.8 478.8 472.7 466.2 458.1 447.4 439.4 433.2 430 424.8 418.6 413.2 405.7 397.9 393.3 389.6 385.4 378.6 372.3 368.7 365.5 361 356.3 351.2 350.1 351.5 354.5 359.6 367.9 376 389.3 399 403.1 406.8 409.9 408.4 403.5 396.4 389 383.3 374.2 363.7 351.6 338.2 325.5 311 299.9
203.9 215.9 229.2 246.3 263.4 277.3 291 302.1 306.6 309.3 310.9 310.3 310.3 312.7 317.4 324 332.1 345.6 349 356.5 361.2 365.6 372.5 389.2 410 427.5 444.7 450.2 447.4 456.3 460.9 465.3 469 475.5 475.6 472.6 466.6 457.4 447.6 440.3 435 429.8 422.5 418 413.7 408.8 401.8 395.6 391.1 386.4 380.5 374.3 370.9 367.1 361.7 357.7 354.4 353.8 355.3 360 367.1 374.7 383 394.9 402.9 409.1 411.4 415.2 413.6 410 404.6 396.2 388 376.6 367 353.4 339.7 325.9 313.8 302.6
207 219 235.6 253.3 271.6 291.2 303.5 309.9 313.7 314.8 314.5 313.4 313.1 314.8 317.3 320.9 325.5 330.3 339.3 349.5 358.8 363.3 368.2 371.1 389.5 411.8 432.8 440.6 442.1 449.8 456.1 458.6 463.5 474.5 479.8 473.1 464.8 456.8 447.8 440.8 434.4 428.1 421.7 417.3 413.2 409.9 402.4 397 391.8 386.9 381.7 376 372.6 368 363.7 359.9 359.3 358.9 361.4 366.8 372.7 379.5 389 399.4 409.2 414.9 417.3 419.4 418.4 416.1 410.5 401.7 392 382.2 370.4 356.9 342.7 331.4 321.6 310.3
208.9 222.8 238.2 258.9 284.5 302 315.7 321.7 326.2 320.6 317.1 315 313.8 314.1 315.3 316.8 318.7 322.1 330.5 344.9 355 360.4 363.5 366.8 374.6 401.7 416.7 428.8 428.9 432.5 444.1 452.8 466.9 480.6 476.4 468.3 463.8 457.2 448.7 440.6 434 426.9 420.7 416.2 412 408.5 403 397 391.3 386.5 381.8 377.8 374.2 369.6 365.3 364.2 363.9 364 367.5 371.8 377.9 386.2 396.6 405.7 415.6 422.3 424.2 425.3 425.7 422.1 416.2 408.3 398.8 386.4 375 363.4 353.1 342.5 331.2 318.1
212.5 226.6 242.3 265.2 293.8 318.3 326.4 327.9 326 319.8 314.5 312.8 312.1 311.3 311.4 311.7 313.5 317.4 324.1 339.8 348.1 356.3 360.7 365.1 369.4 384.4 398.9 404.2 410.7 430 442.7 446.8 453.6 461.9 464.7 465.4 462.8 456.2 449.3 441.1 433.6 426.5 420.4 415.4 411.3 407.8 402.3 397.3 391.3 386.5 382.2 379.2 376.1 371.2 369.3 368.2 367.9 368.8 371.8 376.3 383.2 391.9 402.9 413.9 422 428 431.8 433 432.7 429.4 423.1 414.5 404.8 393.9 384 374.3 364.1 352.8 340.3 325.1
216.6 228.5 245.6 270.6 301.1 322.7 321.8 320.5 315.6 310.5 307.7 308 307.9 307.1 306.2 306.4 309.2 313.7 319.5 330.7 342.7 354 359.2 365.6 370.7 375.5 382.8 389.9 398.8 418.1 435 443 446.8 453.2 460.7 463.6 462.3 456.7 449.8 440.6 434 426.9 420.6 415.5 411.9 406.8 401.6 396.5 391.3 386.9 382.8 379.8 376.8 373.3 371.8 371.3 371.5 372.5 376 380.9 388.7 397.2 409.4 417.9 426.9 434.2 438.7 440.1 439 436.3 429.6 422.1 413.1 405.8 397.3 387.7 375.5 362.4 348.4 333.2
219.5 232.4 249 269.4 283.9 299.5 304.9 303.6 303 300.9 301.6 302.2 302.2 300 299.8 301.7 305.1 309.9 315.3 323.1 337.4 351 352.9 360.8 366.6 374.3 379.5 381.7 388.8 410 432.4 442.2 444.4 453.5 462.4 463.5 460.4 454.7 447.9 441.2 434.3 427.7 421.4 416.3 412.1 407.9 403 398.1 392.6 388 383.4 380.2 377.4 375.2 374.1 373.6 374.2 376 380.3 386.1 396.4 402.9 411.6 423.2 432.6 439.5 445.2 447.2 445.3 441.1 436 430 422.9 416.6 408.5 399.1 387.2 371.4 355.1 340.6
224.2 235.8 250.7 264 276.2 286.7 291.8 293.2 295.7 296 296.2 296.3 295.2 293.3 294.7 298.4 302.3 306.3 311.1 316.9 326.1 335.5 341.8 351.1 358.7 369.6 373 376.3 383.1 404.5 430.2 431.7 434.2 446 456.2 457.5 453.9 450.1 446.2 440.7 433.7 427.3 423 418.7 415.2 411.2 406 399.1 393.1 388.6 384.8 381.6 378.9 377.3 376.2 375.9 377.2 379.8 383.9 389.5 398.6 405.2 414.2 426.6 435.9 443.8 449.7 452.9 450.4 447.4 443.3 436.6 432 426.1 418.6 408.7 396.3 380.6 363.3 348
226.5 236.5 247.1 257.7 269.8 278 283.3 288.6 289.9 289.8 289.9 290 289.7 290.9 292.7 295.9 299.8 303.1 306.5 311.5 317.9 325.6 332.7 340.8 353 361.5 365 371.4 381 395.3 412.5 421.4 425.5 432.2 441.6 443.5 446.5 447.9 446.5 440.5 432.9 427.1 423.3 419.3 417.2 414 407.3 400 394.2 389.8 386.1 382.9 380.2 378.8 377.9 378.2 379.6 382.3 385.5 391 398.1 407.7 417.3 429.1 438.6 446.9 452.3 455.1 454.8 454 450.3 446 441.2 435.5 427.8 416.9 403.8 386.9 370.2 355.2
227.3 238 247.7 257.5 265.4 275 280.9 282 281.7 282.9 284.9 286.2 287.6 289.1 291.3 294.2 297.9 300.3 302.4 305.6 310 317.9 326 333.9 344.4 352.1 359.3 366.8 378 391.6 402.7 412 416.5 427.9 438.1 440.1 443.1 451.4 448.8 440.4 434.4 428.1 423.4 419.6 416.6 414.2 408.7 401.2 396.1 391.2 387.4 384.3 381.4 379.6 379.2 379.7 380.8 382.7 385.8 390.5 397.9 409.8 419.5 430.8 440 447.2 452.6 456.5 458.4 458.6 458 454.8 449.6 444.1 436.4 424.3 410 391.6 375.2 360.8
223.1 234.3 245.1 253.8 261.1 267.2 272 273 273.8 277 279.6 284.5 286.8 289.4 291.6 293.9 296.3 298.7 300.9 304.9 309.1 315.5 322.6 331.3 339.5 348.4 355.6 365.1 381.2 392.8 399.1 406.6 412.1 423.4 431.1 433.9 439.2 451.5 445.9 439.3 434 428.4 424.4 420.5 416.9 414.1 410.5 404.2 397.7 392.1 387.9 385.3 382.5 379.5 379.2 379 379.5 380.8 383.7 388.1 395.7 407.4 419.3 429.2 437.5 445.7 452.6 459.1 463.8 465.2 465 462.7 457.5 451.9 443.7 431.6 415.3 398.2 380.5 366.1
221.4 231.5 239.5 248.7 256.5 258.3 259.3 266.1 274.7 280.1 282.6 285.3 289.9 292.6 293.5 295.4 298.7 301.2 303.4 307.6 311.9 317.5 326.4 333.6 344.5 355.9 362.4 369.1 378.5 385.6 397 408.5 417.3 417.3 421 427.7 433.6 439.5 439.8 436 432.3 428 425.2 422.4 418.7 415.5 412.2 405.7 398.1 392.1 387.8 384 381.7 378.2 376.5 376 376.5 377.7 381.2 386 393.5 404.2 413.7 424.3 434.3 443.5 453.2 461.6 467.3 470.3 471.4 470.1 465.3 459.6 452 438.8 423.2 404.3 387 372.2
215.8 223.1 231.8 240.4 250 257.3 262.1 267.9 271.7 276.9 282.6 287.4 293.3 295.3 296.2 298 301.6 304.9 308 315 317.3 322.6 330.2 337.7 349.7 362.1 368.6 373 381.3 387.6 396.9 403.3 409 412.2 414.8 419.5 429.3 437.8 435.7 433.6 430.5 427.3 424.6 422.9 421.5 417.3 412.2 406.1 398.5 392.1 387.2 382.7 379 375.5 373.4 373 373.1 373.9 376.7 381.4 389.2 398 408.5 420.3 431.5 442.3 452.9 462.6 469.7 472.9 475.6 475.3 471.6 468 460.2 447.2 432.4 413.1 394.3 378.5
223.3 230.8 237.5 245 251.1 257.8 265.7 271.4 277.3 283.1 288.2 290.6 295.7 297.3 298.2 301.1 305.5 306.7 312 318.7 323.3 329.9 334 340.2 349.6 362.1 370 373.7 383.9 390.7 394.6 401.2 407.7 415.9 422.7 428 436.5 437.3 434.9 432.4 430.4 427.7 424.1 423 422 417.5 412.1 406.1 398.9 392.1 386.1 381.3 375.6 371.3 368.9 368.6 368.8 369.6 373 377.5 383.9 393.8 405.9 415.7 427.3 438.5 451.5 460.5 468.6 472.9 475.5 476.7 475.5 473.4 466.2 453.8 439.1 421.9 402.5 384.4
224.5 230.5 232.3 245 255 261.4 266.9 271.3 277.8 283.3 289.6 292.4 294.9 297.2 299.6 304.1 306.9 309.4 315 322.2 331.2 337.3 341.5 344.8 351.7 364.9 370.9 376.7 386.7 391.3 395.5 405.6 415.9 426.3 432.3 438.4 440.9 440.7 437.2 433.5 430.9 427.8 424.3 422.5 421 416.6 410.9 403 396.3 390.4 383.6 378 371.3 367.7 364.3 365.2 364.7 366.7 369.5 373.6 379.6 388.5 399.6 408.7 419.4 433.5 447.4 456.5 464.2 469.8 474.4 477.3 477.1 474.5 468.3 458 442.9 427.1 409.4 390.8
215.1 223.3 235.1 250.6 256.6 262.2 266.9 270.4 274.3 279.1 284.2 290.8 294.2 296.8 301.8 308.7 310 315.3 320.5 331.8 339.9 344.5 347.6 351.2 355.6 365.1 370.5 376.4 387 398.4 408.7 422.7 427.5 436.3 446.9 445.1 447.7 443.7 438.3 433.5 431.2 428.5 424.4 421.8 419.6 414.6 406.8 398.4 391.4 385.5 379.2 371.7 366.3 363.4 359.4 360.5 360 363 366.2 370.9 376.6 383.8 393.9 403 413.6 427.3 440.9 451.2 458.7 465.5 472.2 475.2 475.5 473.1 466.3 457.8 444.1 430.1 412.6 395.3
