test/fixtures/height/SD19.asc
ncols 200
nrows 200
xllcorner 310000
yllcorner 490000
cellsize 50
[rows 144 to 179 of 200, columns 80 to 159 of 200]
439.5 456.2 467.7 476.9 478.5 474.8 481.7 485.5 490.3 493.2 494.6 496.4 500.1 504.2 507.6 510.4 512.1 516.4 519.9 522.5 524.4 525.7 526.2 526.1 525.9 525.7 523.8 522.2 519.7 519.1 520 523.3 527.7 532.7 535.9 538.4 538.8 535.6 531.5 528.6 523.1 515.1 504.5 492 478.7 464.7 446.8 423.6 396.2 372.2 358.6 349.2 338.8 327.9 318.7 314.9 308.9 303.4 302.4 292.4 286.9 279.9 273.1 269.4 263.2 260.9 260.4 260.1 258.7 256.9 255.8 252.8 249.8 248.9 248.8 247.1 244.1 238.6 226.3 217.2
447.1 462.5 476 486.5 488.4 484.7 490.5 494.6 499.7 500.3 500.7 502.7 505.6 509.4 513.4 516 518.3 522.9 526.4 529.9 530.8 532.2 531.9 531.7 531.1 529.4 526.7 524.3 521.1 519.5 520.4 522.2 525.4 528.5 529.6 529.9 527.8 525.5 519.5 515.4 511.7 506.6 496.4 484.2 471.8 459.3 444.8 424.3 391.5 365 353.4 344.4 334 322.3 307.1 295.5 292.9 290.3 285.9 281.6 275.5 269 263.8 261.3 259.1 258.4 258.5 257.7 255.7 252.9 248.5 245.6 243.7 242.2 242.6 241.5 238.5 230.4 220.8 214.1
451.7 466.8 480 486.4 491.1 492.2 494.3 500.6 503.2 504.9 505.7 507.8 511.3 514.6 517.7 520.5 524.5 528.8 532.4 533.9 535.4 535.9 535.9 535.3 533.4 530.9 527.3 523.7 519.6 517.1 517 516.5 517.5 519.2 520.6 517.5 514.2 510.2 506.8 504.4 500.5 493.5 485.5 474.9 464.6 454.6 442.3 423.6 389.4 361.2 350.7 340.1 329.8 321 303.9 287.8 279.7 278 274.9 271.8 266.6 262.3 259 258.2 257.2 256.8 257.1 256.3 256.1 253.5 244.8 241.6 239.7 238.7 237.7 236.7 233.6 228 219.5 212.4
457.5 469.8 476.8 483 489.7 492.6 495.9 501.8 506 509.7 510.6 512.3 515.1 518.5 521.6 525.2 529.5 533.3 535.8 537.5 539 538.5 538.2 536.7 534 530.3 526.3 521.2 516.3 512.5 511.4 510.2 509.9 510.3 507.6 504.4 501.1 496.2 491 487.9 484.2 480.5 474.5 465.2 458.5 450.9 440.8 421.3 386.4 358.2 345.6 334.4 324.4 316 305 285.3 275.5 271.3 269 266.3 263.3 260.2 257.8 256.8 256.2 256.1 256.1 256.3 256 250 243.8 239 237.2 235.8 232.9 230.5 227.6 222.7 217.2 209.7
456.6 465.5 472.6 479.3 487.7 491.8 496.5 503.8 509.2 514.1 515.5 516.6 519.4 522.5 525.2 529.2 533.4 536 538.1 539.1 539.9 540.1 539.5 537.6 533.8 529.3 523.9 517.9 511.7 507.4 504.7 503.6 502.1 500.8 496.2 491.7 485.4 479.4 476.8 475 472.5 468.4 461.7 457.3 452.2 445.2 435.4 421.1 384.9 358.5 341.6 330.4 320.5 311.1 299.4 282.3 274.3 269.8 266.6 264.4 262.3 260.3 258.9 257.3 256 255.6 255.6 254.8 253 248 243.6 239.8 236.9 234 230 225.4 222.2 218.4 213.7 208.7
454.5 463.3 470 477.7 485.3 490.5 496.8 505.4 513.4 518.1 520.1 521 523.2 525.8 527.8 531.1 534.8 537.5 539.1 540.4 541.2 541.5 540.1 538.8 534.1 527.7 522.1 515.1 508.1 501.7 498.3 494.9 491.4 486.8 482.8 477.5 471.4 466 462.9 460.5 457.9 452.6 449.4 447.4 443.5 434.9 427.9 415.9 388.1 358.2 339 327.7 316.4 305.8 291.9 280.2 273.8 268.6 265.4 263.3 261.4 259.6 258.3 257.1 255.9 255 254.8 254.1 251.5 248.2 244.6 241.3 239 235.8 231.2 224.4 219.6 216.1 211.6 207.8
452 460.8 468.6 475.8 482.9 488.8 497.6 508.8 516.4 521.4 523.5 524.7 526.6 528.2 529.8 532.5 535.5 537.9 539 540.2 541.7 541.7 542.1 540.6 534.2 526.8 519.9 512.5 504.7 496.4 490.2 485.1 479.5 474.1 468.8 462.8 457.3 451.4 449.5 447.6 444 440.9 439.5 437.2 432.6 424.7 418.2 405.6 380.4 355.6 336.7 323.9 312.5 300.4 288.5 279.5 273.2 267.8 264.3 262.6 261.4 260 258.7 257.4 256.2 254.8 252.9 253.3 251.7 249.2 246.3 243.6 240.7 237.3 233.1 226.4 221.9 219.8 215.2 209.7
450.3 459.8 467.3 474.3 479.8 487.6 499.8 510.7 518.2 523.2 525.4 526.7 528.5 529.7 530.3 532.5 535.1 537.1 538.5 540 541.4 542.1 542.6 541.7 534.2 526.3 517 507.7 498.5 489.3 479.5 471.1 465.1 460.6 455 450.1 443.7 438.6 437 433.4 431 431.1 430.2 427.5 423.3 417 409.3 397.1 375 351.7 330.8 318.6 309.4 299.3 287.6 278.6 273.4 268 263.7 261.6 261.4 260.7 259.4 257.3 255.7 254.2 252 251 250.6 249.9 248.1 245.5 242.2 238.4 233.8 228.9 224.9 222.3 217.5 211.9
448.2 458.4 465.8 472 478.4 488 501.4 511 518.7 524.3 525.9 527.2 528.5 529.2 530.1 531.7 533.8 535.1 537 539.3 540.8 540.7 539.3 537.5 531.7 524.7 515 503.8 490.1 479.6 465.6 455.9 449.4 443.5 442.6 438.4 431.4 425.3 421.3 419.1 420.1 421.3 422.3 418.9 414.8 408.1 400.5 386 358.9 341.6 325.4 312.7 306.3 300.4 285.3 277.1 272.7 266.3 261.8 260.1 259.8 259.7 258.2 256.5 254.6 252.5 250.5 247.7 249.2 248.7 248.2 246.6 243.8 239.3 235.1 231.4 227.1 223.2 218.5 213.1
446 456.3 464.7 470.2 479.1 489.3 499.7 509.3 516.3 521.3 524.5 527.3 526.8 527.4 528.7 530.2 531.6 533 535.6 538.5 539.2 538.3 536.3 534.2 529 521.9 512 498.6 482.3 468.8 456.6 446.4 438.4 433 430.6 427.6 420 412.4 409.6 409.2 410.3 412.5 413.3 411.3 407.1 400 388.1 373.5 352.2 338.4 322 308.5 301.8 291.3 283.5 274.1 268.1 261.7 258.7 257.4 257.3 256.7 255.6 254.1 252 250 247.9 246.1 246.5 247 247.1 246.3 244.1 240.1 236.1 232.3 228.3 223.7 218.8 213.6
447.6 456.3 463.7 469.5 480.5 488.7 497.3 506.8 515.2 520.8 524.1 526.3 524.2 524.4 525.6 527.4 529.5 531.3 533.7 535.6 536.2 535.9 533.4 530.2 525.5 517.5 506.5 487.9 472 461.3 449.9 438.7 430.7 424.3 421.4 417.4 407.3 400 399.7 400 401.2 402.7 405.5 404.1 399.7 394 380.7 364.3 348.3 333.3 320.4 307.1 295.4 286.1 279.8 270.9 264 258.8 255.4 253.8 253.4 253.4 252.5 251.2 249.3 247.3 245.1 243.5 242.5 243.9 244.5 244.7 243.3 240.2 236.4 233 228.7 223.9 218.6 212.9
447.7 456.3 463.4 469.3 479.2 487.2 494.5 503.6 515.7 520.3 521.2 521.3 519.1 520 521.3 523.3 526 528.2 531.6 532.9 533.4 532.6 529.4 525.3 518.7 510.5 500.5 481.1 463.4 451.8 439.6 430 422.9 416 411.3 405.3 396.3 390 390.7 392.4 393.7 395.6 397.4 396.5 392.9 388.2 378 359.8 341.9 331.9 320.6 305.2 290.5 281.4 279.1 267.4 261.8 256.9 252.6 250.8 249.8 250 249.5 248.1 246.4 244.3 242 241.2 240.8 241 241.8 242 241.8 239.6 237 233.3 228.7 223.9 218.4 212.8
448.3 454.9 464.3 470.5 477.2 485.9 493.1 501 512.1 515.7 515.7 513.8 513.1 513.8 515.6 518.1 521.3 524.9 528.9 529.9 529.8 528.1 525.6 518.7 511.9 504.6 491.7 473.7 455.1 442.7 430.5 421.3 413.3 408.2 402 395.1 387.6 381.4 383.3 385.5 386.6 388.2 389.7 390.1 388.2 383 372.7 357 341.5 331.4 320.5 302.7 286.4 275.1 271.4 262.5 259.6 255.2 251.4 248.5 247.3 247.2 247.2 246.1 244.4 241.7 240.3 239.5 239.1 239.3 239.3 239.6 239.8 238.7 236.8 233.2 228.7 224 218.6 212.9
448.8 455.3 464.8 469.6 477.8 485.6 491 498.8 505.4 508.6 507.9 505.6 504.5 506.4 510.8 513.8 515.6 521 525.5 527.4 526.4 525 519.8 511.7 505.1 495.9 483 464.1 447.2 434.7 423.1 412.5 403.5 398.8 393.6 387.2 380.8 377.1 377.9 379.1 379.9 381.3 383.3 384.3 382.1 376.5 367.5 352.7 342.4 330.2 319.1 294.1 276.6 272.2 266.6 259.9 257.1 252.7 249 247 246 246.7 247.1 246.2 244 240.8 238.9 238.3 238.4 239.1 238.5 237.9 237.5 236.9 235.7 233.1 229 224.2 218.1 211.5
447.6 457.4 464 468.5 477.6 483.9 487.8 493.8 498.4 498.8 497.3 496.9 495.6 499 503.5 506.6 509.4 516.3 521.7 523.3 522 519.3 514 505.6 498 487.9 474 455.5 440.8 429 417.6 407 397.7 391.3 387 381.3 377.1 372.1 372.3 373.2 374.3 375.9 377.9 378.8 376.2 370.4 360.3 350.1 340.1 327 316.1 293.7 273.2 269.9 262.3 256.5 254 250.3 246.6 245.2 245.2 246.5 247.5 246.6 244.8 241.1 238 237.3 238.5 239.4 239 237.8 236.4 235.5 234.2 231.9 228.6 223.6 218.6 213.5
447.6 457.6 462.9 467.3 476 481 484.6 487.2 489.6 487.9 488.7 488.5 487.6 487.9 490.9 495 502.2 509.3 517.3 518.4 516 513.7 507.6 499 491.3 478.6 465.2 449.8 437 423.4 413.6 404.7 395.2 386.8 381.6 377.6 373.4 370.3 366.9 368 369.2 370.8 372.2 372.7 369.7 364.2 356.7 347.8 338.4 325.3 307.7 290.9 271.6 263.2 257.1 254.5 251.4 247.3 244.4 243.3 244 246.8 247.7 247.1 245.5 242 237.4 236.5 238.2 239.4 239.4 238.2 236.5 234.7 233.8 232.2 230.1 227 222.2 216.2
446.1 456.1 461.7 466.4 472.8 476.6 478.5 479.4 479 479.5 480.8 480.8 480.9 482.2 484.9 485.3 493.7 502.8 508.5 510.5 510.1 506.4 501 492.2 480.9 470.8 455.9 445.2 435 422.9 413.5 404.3 393.7 382.9 376.9 373.2 370.3 367.4 363.8 363.3 364 365.4 366.5 365.6 363.2 359.5 353.6 346.7 336.9 326.2 309.7 290.1 273.6 259.7 254.2 251.4 249.2 245.3 242.5 241.3 241.9 244.3 245.5 245.6 244.9 240.4 236.2 235.6 237.9 238.9 239.1 238.4 237.3 236.2 235.4 234.1 232.3 229.1 225 219.1
444.8 452.2 460.1 465.3 468.8 471.2 471.9 471.3 471 470.6 473.1 474.1 474.7 476.5 477.1 477.7 486.3 495.9 500.9 503.1 502 498.9 492.9 483 475.5 465 451.9 442.4 432.4 423.1 414.6 405.1 394.8 382 374.1 370.8 368.4 365 361.6 360.2 360.4 360.7 360.2 359.2 356.9 354.3 350.5 343.7 334.4 324.1 305.7 286.9 271.4 258.5 252.3 249.4 248.1 244.4 241.4 239.4 238.9 238.4 238.5 240.1 241.7 237.9 232.7 234.3 237 238.7 239.1 239 238.4 237.9 237 235.8 234.1 231 227.2 221.1
442.3 449.5 456.6 461.6 463.9 464.4 464.8 464.7 464.2 464.7 466.7 468.2 468.4 470.6 472.2 472.8 479.4 490.2 495.4 496 494.3 491.1 486.6 479.1 471.3 460.9 450.5 440.4 431.9 421.2 413.3 405.6 396.2 383.7 374.4 371.3 367.8 364.1 359.9 357.2 356.9 357.2 356.2 352.3 349.4 348.8 345.3 338.5 327.8 310.9 294.5 285.5 267.2 259.7 257.2 255.1 252 245.2 242.3 240 237.3 235.9 235.8 236.2 237.4 234.7 231.9 233.7 236.1 238.6 240 240.2 239.9 239.4 238.8 237.6 235.6 232.5 229 222.5
438.2 447.1 452.8 455.2 456.9 456.8 457.7 457.6 457.9 459.1 461.5 462.4 464.1 467 468.4 470.1 475.8 483.2 487.3 488.3 487.3 486.2 482.2 477 469.6 459.5 449.6 439.2 431.7 418.8 410.6 404.3 395 384.8 376.7 372.7 368.6 364.6 360.6 356.8 355.3 354.9 353.9 353.5 349 343.1 341.4 337.9 331.9 321.6 309.1 295.8 281 268.5 263.2 261 257 247.5 242.6 239.5 237 234.8 234.2 234.9 235.5 232.7 231.2 233.6 236.4 239 240.8 241.4 241.3 240.7 240 239 236.9 234 229.5 221.9
435.4 444.5 448.5 449.7 449.8 449.9 449.7 450.5 451.9 452.5 453.6 456.7 460.2 463.4 465.3 468.2 472 476.7 481.8 483 483.3 482.2 479.1 475.4 470.2 461.6 450 440 431.3 420.2 412.7 405.7 392.4 383.5 376.7 372.6 366.6 363.8 359.5 357.5 356.4 355.1 354.4 355.3 353.9 350.3 348.2 345 341.1 333.3 322.1 304.9 288.7 274.9 268.1 265.5 261.8 251.9 243.6 238.9 236.1 234.7 233 231.9 232.2 230.9 231.8 234.4 236.8 239.1 240.9 242.1 242.5 242.1 241.3 240.3 238.3 235.7 230.6 221.7
431.8 438.4 442.4 442.4 442.5 442.4 442.4 443.7 445.7 446.3 449.8 454.7 457.6 461.1 463.4 465.7 469.1 472.6 475.9 478.1 480 479.1 477.2 473.8 468.3 459.5 451.7 441.3 432 422.1 413.5 404.2 390.5 382.3 376.7 373.5 370.6 365.1 363.2 360.9 359.2 356.9 356.7 358.5 357.5 354 352.1 349.9 346.5 339.4 330.5 313.4 294.5 281.3 272.2 268.2 263.8 254.6 246.1 240.4 235.8 234.1 233.1 231.8 230.2 229.2 233.9 234.7 235.7 238.5 240.8 242.1 242.8 242.9 242.2 241.4 238.1 235.2 231.6 221.7
427.3 432.7 434.7 433.9 434 431.7 428.2 436.2 440.1 445.8 451.1 456 457.8 462 463.8 464.9 467.1 470.6 472.9 474.6 476.6 476.9 475.3 472.1 467.1 458.6 452 440.5 429.8 421.4 409.5 397.2 392.4 386.9 381.6 378.1 374.5 369.4 369.9 369.2 370.4 368.8 360.5 361 361.5 359 357.2 354.9 351 343.2 332.2 319.3 300.5 286.8 278.2 272 264.7 257.2 249.3 244.2 237.6 235.1 233.8 232.8 231.3 226 233.7 233.5 234.1 237.3 240.1 241.9 243 243.3 241.9 241.1 237.5 233.8 229.2 221.2
421.1 425 424.5 424.8 421.1 429.1 435.2 439.4 443.1 446.9 452.6 457.6 461.2 464.3 467 468.4 469.1 471.2 472.4 474.5 476.4 477 474.7 472.2 468 459.5 452.5 441.5 432.4 421.6 412.5 405.4 397.6 391.9 386.3 384.3 381.2 376.2 377.4 381.1 382.8 381.5 372.2 363.7 367.2 366.3 364.4 361.3 354.6 346 335 322 304.3 293.8 284.4 278.8 267.2 259.2 250.4 245.5 240.3 238.3 237.1 236.4 234.3 226.8 219.9 230.2 231.8 235 238.4 240.6 242.3 243.3 240.5 238.6 237.7 230.2 222.2 219
413.2 414.2 406.5 417 426 432.6 438.1 441.8 445.1 451.1 456 459.3 463.2 468.3 468.4 468.8 471.9 473 474.2 476.1 476.9 477.6 476.1 474 471.2 464.4 453.6 444 437.8 430.1 419.6 410.6 402.1 396.3 390.2 388.7 387.4 386.3 385.7 390.2 392.2 391.6 385 379.9 377.3 375.5 372 367.2 358.9 350.3 339.3 325.8 311.6 299.8 289.4 283 269.3 261.1 252.1 247.2 243.8 241.9 240.3 238.1 235.6 231.7 215.9 224.5 228.9 232.6 236 239.4 241.4 242.7 242.3 238.3 233 223.3 216.7 213.3
403.1 400 412.2 420.5 427.8 434.3 439.2 444.3 449.5 454.7 460.7 463.4 469.8 471.8 473.6 473.9 474.6 474.2 476 477.3 478.1 479.2 478.5 477.2 473 468.6 461.3 452.1 443.2 435.8 425.8 416 412.7 406.5 395.5 397.5 395 395.7 394.9 397.8 402.9 402.8 396.9 392.3 387.8 383.1 378.9 372.8 365.7 357.6 345.5 333 317.2 304.9 293.9 284 272.1 261.8 254.1 249.9 246.6 244.7 243.4 240.4 236.2 231.7 216.3 217.6 225.7 229.9 233.8 237.7 239.7 242 243.1 241.6 232.3 221.2 212.7 207.9
390.1 405.9 413.4 420.7 426.8 432.5 439.4 445.4 451.5 462.3 468.7 473.2 476.8 477.7 478.2 477 477.3 476.6 477.4 479.3 480.9 482.6 483.6 487.4 480.4 474.1 467.3 458.1 448 440.6 433.1 424.5 420.9 414.8 405.8 405.9 405.6 407.1 405.1 406 411.3 413.2 409.7 404.6 397.2 390.5 387.6 382.8 374.9 366.7 355.4 341.6 320.6 308.9 296.8 287 276.5 263.6 257.3 252.8 250.2 247.5 244.5 240.5 234.9 229.7 222.8 211.8 213.2 226.9 231.3 235.1 237.8 241.2 243.1 243.2 234.1 219.2 209 203.9
400.6 407 413.7 419.4 425.2 431 439.4 449.7 461.4 470.3 476 479.1 481.7 481.4 480.7 479.1 479.4 479.4 480.6 482.7 484.8 488.8 490.3 491.9 486.6 479.8 472.7 463.9 453.5 445.2 438.6 431.9 426.6 421.2 414 411 414.2 415.1 415.2 415.9 417.6 420.2 417.7 413.9 406.3 402.6 396.1 391.1 382.1 372.5 357.8 340.5 321.7 310.1 297.9 290.2 278.7 266.2 260.3 255.7 253.9 250.4 246.1 240.6 233.7 227.9 221.4 211.5 214.1 223.5 228.4 232.6 235.2 237.7 239 236.6 235.9 213.8 203.8 201.2
401 407.1 413 419 425.2 433.7 443.4 457.7 467.9 476.5 481.1 483.1 485.5 485.4 484.3 483.3 483.4 484.2 483.9 486.2 489.3 494.1 496.7 498.2 494 485.6 477.8 469.2 459.6 451.2 442.6 435.5 429.6 425.1 420.9 417.4 420.2 420.3 422.2 422.4 423.4 427.1 427.9 424.6 417.8 410.6 404.3 399.9 387.3 373.5 354.7 334.6 321.4 309.1 298.8 289.5 278.4 268 261.1 257.5 256 252.5 248.2 241.6 234 226.6 219.1 207.6 213.9 219.9 224.7 230.1 232 232.7 231.7 233.2 230.8 209.1 201.1 199.1
399.9 406.6 412.6 420 427.9 437.9 447.3 461 473 483.4 487.9 488.9 490.2 491.7 491.3 489.6 488.4 489.5 488.9 490.3 493.7 497.4 501.1 504.7 504.9 493.3 484.3 474.5 464.8 456.9 447.9 440 433.4 429.7 427.3 426.2 425.1 426.3 428 428.4 431.1 434.4 436.3 435.2 431.2 426.6 414.6 399.8 388 370.2 350.4 333.3 320.3 308.7 298 287.7 277.9 268.3 260.8 257.5 255.7 252.8 247.9 241.4 234.5 225.3 217.5 204 207.9 215.9 221.7 226.5 228.1 226.2 224.8 226.4 219.9 205 199.8 198.9
398.3 406.7 415.2 423 431.7 439.2 450.7 464.9 479.7 492.8 496.5 497.7 498 499.3 499.5 498.3 495.6 495.5 494.4 493.4 495.8 502.1 505.9 513.2 511.2 503.3 488.1 477.8 469.3 461.6 453.8 447.4 439.6 436.2 433.6 432.1 430.2 429.5 431.6 433.5 435.6 439.6 442.4 443.9 440.9 433.8 421.6 402.9 386.1 367.7 349.6 335.8 322.5 309.8 298.3 288.1 278.7 268.5 260.8 257.9 254.2 251 246.8 240.8 233.6 224.3 216.3 204.9 202.6 211.2 218.5 222.1 223.8 221.8 221.4 219.5 209.8 203.6 199.5 198.7
397.8 406.9 417.4 424.6 431.3 439.5 455.6 471.6 486.7 500.2 503.7 505.4 507.1 507.4 506.6 504.7 502.9 500.7 499 496.7 498.9 506.5 510.7 516.8 520.7 514.1 493.9 480.8 472.8 465 458.1 452.1 446.3 441.2 438.3 435.2 433.6 432.7 432.3 435.3 438.9 442.3 445.7 446.5 443.2 435.3 420.9 402.9 385.5 368.8 352.2 337.8 324 311.5 298.9 288.4 278.7 268.3 261.9 259.5 255.5 251.3 245.4 239.2 232.4 223.1 215.1 205.4 194.3 206.9 213.5 216.6 218.1 216.9 217.1 216.1 206.6 202.1 198.3 196.7
396.6 406.7 417.3 423.3 430.2 440.7 458.9 478.1 493.7 501.1 509.9 512.5 514 513.1 511.8 510.2 508.3 506 503.7 501.3 505.1 509.7 516.7 520.6 531.6 519 501.1 484.3 475.5 468.1 461.1 454.8 450.3 444.6 441.1 437.7 435.5 434.4 433.9 436.5 439.9 443.1 446.8 447.3 441.7 432.5 416.8 401.2 385 370.9 357.6 343.1 329.1 313.6 299.5 287.4 276.9 267.1 260.7 257.9 255.5 251.4 245.7 239.6 231.6 222.7 215.5 207.7 195 199.9 207.8 210.4 211.6 209.9 211.1 210.6 202.5 198.3 196.4 196.2
391.9 404 413.6 421.2 428.6 442.4 460.8 483.8 494.1 500 513.1 516.2 518.2 519.3 516.7 513.9 511.7 510.2 509.1 508.8 512.2 516.1 520.9 528.3 536.6 523.7 505.5 488.5 479.7 469.3 462 455.6 451 446.5 443.1 439.5 435.8 433.8 433.2 436.1 438.7 441.5 444.9 444.2 437 427.6 416 398.7 383.9 371.2 358.3 346.9 331 315.2 301 289.3 278.5 267.8 261.9 257.1 254.6 249.4 244.7 238.5 230.6 223.2 216.3 206.2 197.9 187.6 199.4 204.6 205.7 205.4 205.2 203.2 196.1 193.7 194 192
385.8 398.9 407.4 417 426.4 443.6 458.1 477.6 488.7 496.9 509.5 516 521.5 526.8 528.8 517.3 514.4 513.2 514.3 515.3 518.4 521.6 526.7 538.9 533.3 524.1 506.1 490.9 482.6 471.8 462.6 455.8 449.4 444.3 441.2 437.7 433.8 429.9 430 433.8 436.6 438.2 438.2 436.9 429.3 421.1 409.2 395 383.1 369.8 358.1 345.7 332.2 315.3 302.1 291.4 281.5 268.4 263.1 257.3 254.9 252 245.7 239.2 231.5 223.7 216.1 206.4 196.5 188.9 189.1 198.9 200.4 199.8 200 196.2 190.7 189.7 191.9 188.1
379.7 391.4 400.6 410.3 423.2 440.3 454.5 467.2 478.1 490.5 506 513.7 520 529.3 531.2 526.8 515.6 514 514.9 517.3 523.5 525.3 527.8 544.7 536.2 521.8 506.7 490.5 482.3 471.4 461.6 454.4 446 439.3 436.7 433 429 424.9 424.7 428.2 430.5 431.3 430.5 427.2 421 413.6 404 392 381 368.2 356.6 344.9 331 314.8 302.2 293.5 283.7 269.9 262.7 258.1 254.5 251.4 246.8 239 231.6 224 215.1 207.1 198 186.5 181.3 192.7 194.7 194.3 193.4 188.8 185.3 185.2 187.3 184.7
