test/fixtures/height/SD19.asc
ncols 200
nrows 200
xllcorner 310000
yllcorner 490000
cellsize 50
[rows 72 to 107 of 200, columns 0 to 79 of 200]
82.7 79.6 75.8 67 55.9 51.1 48.9 41.1 35 26.3 20.2 15.3 11.5 8.6 6.6 -2.6 -2.6 4 -2.6 3.5 3.8 4.6 4.5 -2.6 -2.6 6 6.8 8.4 10.2 11.2 12.9 14.7 16.2 17.7 20.4 27.4 43.6 55.1 63.7 87.6 85.3 87.9 90 91.8 96.5 108.6 117.2 128.7 137 123.8 115.6 111.5 107.5 106.5 108.4 114 123.6 118.7 121.9 124.7 125.9 127.3 126.8 135.2 144.5 148.9 155.1 157.9 161.8 168.4 172.1 176.4 181.8 185.2 190.7 197.6 202 203.3 198.3 195.5
90 82.9 77.8 68.9 55.4 49.3 47.9 47.6 39.2 27 17.9 13.3 10.5 8 6.1 -2.6 -2.6 4.1 -2.6 3.9 4.2 4.3 4.4 -2.6 -2.6 6.2 7.4 9.5 10.6 11.9 14.3 16.7 19.1 22.5 25.1 39.7 52.3 61.2 76.2 81.3 85.7 93 94.5 92.5 93.3 103.7 119.1 132.4 128.8 116 113.1 108.9 107.6 107 108 111.8 112.9 113.8 116.1 119.2 122 125.3 130.9 136.9 143.6 149.3 153.8 157.1 161.1 166.3 169.8 179.5 182.3 184 190.6 193.9 194 193.3 190.9 191.4
94.8 83.7 79.1 70.6 56.6 48.9 47.6 45.5 36.9 25.6 19.2 12.5 9.5 8.4 6.1 -2.6 -2.6 3.8 -2.6 3.9 4.2 3.8 -2.6 -2.6 4.8 5.9 7.5 9.6 11.3 13.6 15.7 17.7 22.6 26.1 36.4 53.4 59.6 67.7 76.1 81.4 95.9 96.4 97.3 96 94.9 98.8 113 118.6 114.1 114.1 110.4 108.6 108.1 107.5 107.8 110.2 110.9 111.9 114.7 117.4 120.4 126.1 133 139 144 147.9 152.8 156.4 160.3 164.3 172.2 179.5 184.1 184.8 188.3 189 188.2 186.2 187.8 188.3
97.8 86 79.5 69.7 56.6 49.7 44.7 41.3 31.1 23.9 16.4 12.1 10.1 8 5.4 -2.6 -2.6 4.1 -2.6 -2.6 3.6 -2.6 -2.6 5.3 5.9 6.4 7.4 10.7 12.5 14.7 16.9 20.6 23.9 29.3 45.8 60.3 75.7 81.1 85 90.3 99.4 103.3 102.7 100.8 98.5 100.5 107.4 109.2 110.7 111.6 109.4 109 108.7 108.7 109.4 109.9 111 112.2 114.3 116.6 120.1 128.1 134.9 139.7 143 150.1 155.6 158.7 161.8 167.9 176.1 180.2 181.7 182.8 184.2 184.8 183.3 184.8 185.3 185.4
100.2 87.9 82.2 67 53.7 49.2 44.8 38.4 29.5 22.9 14.1 10.1 8.3 6.4 5.2 -2.6 -2.6 3.8 4.4 -2.6 -2.6 -2.6 -2.6 6.1 6 6.1 7.9 10.7 12.8 15.1 17.7 21.2 25.7 34.3 51.7 75.3 84.2 90.6 97.4 100 113.8 109.4 107.3 104.3 104 108 111.2 110.7 111.4 112 110.8 109.9 110 111.2 113.2 113.4 114.2 114.5 115.4 117.5 121.4 129.5 134.5 139.4 145.2 153.5 159.6 162.2 165.2 171.3 178.5 181.1 181.5 182.2 182.6 182.8 183 183.2 183.3 183
100.9 89.1 76.9 60.5 50.3 47 43.9 33.5 27.4 17.7 11.5 7.7 6.9 6.2 5 -2.6 -2.6 3.6 4 5.9 5.4 5.6 6.1 6.2 5.8 6.1 8.7 11.3 13.7 16.1 19.5 24.7 29.6 38.6 56 76.9 90.4 102.6 104.9 107.4 112.9 110.5 109.3 108.3 108.7 113.8 118.1 117.6 117.4 116.2 114.2 114.5 116.4 117 117.6 117.1 116.7 117 118.8 121.9 124.8 130.3 136 142.2 149.8 157.6 164 165.1 168.2 173.9 180.2 181.4 181.7 182 182.3 182.5 182.7 182 181.1 179.8
95.2 84 66.8 53.2 47.5 45.6 33.8 26.3 21.1 11.5 7.8 6.8 5.9 5.5 4.8 -2.6 -2.6 3.7 4 4.9 5.3 5.5 6 6.3 6.2 7.1 10.2 11.8 13.8 19.2 24.4 28 31.6 44.4 58.7 81.6 111.2 113.7 108.7 110.7 112.7 113.2 113.8 114.1 113.4 116.5 123.2 125.5 125.3 123.7 119.9 119.9 120.7 120.8 120.4 120.4 120.4 120 122.7 125.7 131.1 132.4 138.8 145.7 153.7 163.1 167.3 170.3 173.4 177.6 180.6 181.3 181.9 182.2 182.2 182.2 181.2 179.6 177.5 175.8
89.7 74 56.2 45 39.3 36.3 24.5 21 10.6 6.1 6.4 6.3 6.1 5.7 4.6 -2.6 -2.6 4 4 4.9 5.3 5.6 6 6.3 7.7 9 11 13.1 17.1 24.8 26.7 29 35.4 47.9 71 104.2 120.1 118.3 111.8 114.4 117 118.1 120.9 122.8 123 127.1 131.5 132.4 132.1 129.3 126 125.4 124.6 123.7 123.2 122.8 123.6 124.7 126 129.3 131.3 135.4 141.9 148.3 156.8 166.5 171.2 174.1 176.8 179.4 180.7 181.5 182 182.4 181.4 179.9 178.1 176.2 173.7 172.3
78.2 61.9 45.7 33.8 25.9 16.8 -2.6 -2.6 -2.6 4.3 4.5 5.7 5.5 5.4 -2.6 -2.6 3.2 3.3 3.7 4.9 5.6 6.4 6.4 8.1 9.5 10.9 12.4 15.9 25.3 26.7 27 30.5 41.6 60.1 98.2 119.1 121.5 117.7 117 118.6 121.3 123.5 129.2 130.9 133.6 135.8 138.9 136.5 137.3 131.9 129.7 128.7 127.4 126.1 125.2 124.7 125.6 126.6 128.9 130.9 133.2 138.1 144.6 152.9 162.3 170 173 175.8 178 179.4 180.4 181.4 181.6 181.5 179.8 177.4 175 172.7 169.5 171.6
65.9 48.6 33.2 19.9 -2.6 -2.6 -1 -2.6 -2.6 3.2 3.7 4.8 5.4 5.1 -2.6 -2.6 3.2 4.2 4.3 4.8 5.9 6.1 7 9.7 11.8 12.4 14.3 26.6 27.4 25.6 26.5 33 59.3 82.8 112.9 124.1 122.4 121.3 122.3 124 126.7 130.5 135.4 137.3 139.9 141.6 140.7 139.1 137.9 133.6 132.4 130.9 129 127.2 126.2 126.2 127.3 128.6 130.8 133.3 136.5 141.3 148.3 157.7 167.5 171.8 174.1 176.4 177.7 178.9 180 180.4 180.5 179.5 177.1 174.4 172.2 169.6 168.4 172
56.3 35.4 17.6 -2.6 -2.6 -2.6 3.6 3.6 -2.6 -2.6 -2.6 3.6 4.4 5.3 -2.6 0.7 3.5 4.2 4.3 5 6.1 6.8 8.6 10.9 13.1 14.1 17.5 28 24.1 23.8 26.3 41.3 65.6 101.9 122.5 130.5 127.2 126.2 127.3 129.5 134 136.8 140.9 142.3 145.1 146.6 145.2 140 136.2 135.2 133.9 132.1 130 127.8 126.4 126.8 128.6 130.3 132.8 135 138.1 142.4 150.2 159.2 168.5 170.7 173.4 175.4 176.6 177.1 178.2 178.6 177.9 176.9 174.8 171.7 169.7 167.3 166.5 171.1
45.6 23.2 -2.6 -2.6 3.2 4.5 5 5.8 4.9 -2.6 -2.6 0.4 2.7 -2.6 -2.6 -2.6 4.1 4.1 4.3 5.1 6.1 7.3 9.2 11.8 14.1 16.2 19.1 21.7 21.6 22.7 27.6 46.5 79.6 104.9 122.5 129.8 129.4 129.9 131.2 134.3 140.8 143.3 147.1 149 148.8 151.6 144.3 139 137.1 136 134.3 132.7 130.4 127.9 126.7 127.6 130.8 132.3 133.2 136.5 139.4 143.1 151.1 159.4 165.6 168.9 172.5 173.8 174.5 175.2 175.5 174.9 173.5 172 170 168.2 166 163 167 172.3
41.6 17.3 -2.6 2 4.1 7.8 11.9 13.5 12 12.8 -2.6 -2.6 -2.3 -2.6 -2.6 -2.6 4.1 4.2 4.3 5.3 7.6 9.2 8 11.6 15 17.2 18.9 19.8 21.1 22.5 32.3 56.5 81.4 105.3 115.1 125.4 127.7 131.4 135 139.9 144.8 149 150.8 150.5 152.2 149.6 143.4 140.4 137.8 136 134.2 131.9 129.6 127.4 126.6 128.3 131.4 131.3 133.3 137.6 141.8 146.9 150.5 157.8 163.8 170.3 171.3 171.6 172 172.2 171.3 170.1 168.7 166.1 166 165.7 162.1 161.9 172.4 172
30.4 11.3 -2.6 3.4 7.8 9.9 13.9 16.7 16.2 17.1 14.8 10.3 -2.6 -2.6 5.3 6.1 5.1 4.9 6 7.2 10.1 11.6 11.4 9.9 13.7 17.1 18.4 19.3 20.2 24.8 39.6 54.1 71.8 91.4 102 111.6 123.9 132.3 136.8 143.5 149.4 152.5 151.9 152.2 153.8 148 142.7 139.8 136.7 134.7 132.7 130.5 128.3 126.1 126.2 128.2 129.4 129.8 134.4 140.8 145 148.3 151.6 155.6 162 166.9 168.1 169.1 170.3 169.1 166.1 163.9 162.3 162.4 164.5 164.4 159.6 162.8 166.6 169.4
23.1 -2.6 -2.6 4.5 12.1 12.7 13 15.9 16.6 16.9 16.2 15.9 15.5 14.1 13.6 11.7 9.8 8.2 7.1 8.7 11.1 12.8 14 13.3 14 15.7 18.3 19.4 21.2 26.6 36.3 45.6 58.7 72.1 86.3 105.4 120.5 134.7 142.3 147.4 153 156.6 156.3 153.3 151.5 146.2 141.4 137.7 135.2 133.2 131.1 128.9 126.7 125.1 125.9 127.1 126.6 129.2 138.4 142.8 146 148.4 150.8 153.6 159.9 162.7 165.3 167.5 167.8 164.2 161.3 158.1 157.6 159.2 163.8 159.7 158.7 162.4 165 171.2
14.4 -2.6 -2.6 10 17.5 18.3 15.9 14.8 16.6 18.2 19.8 19.1 18.5 18.1 17.9 15.9 12.6 9.8 8.5 9.7 11.9 13.6 15.1 15.4 16.5 17.2 19 19.9 22.1 26.1 33.8 39.5 45.1 54.7 75.3 100.5 122.9 140.4 148.5 149.9 155.7 159.8 158.4 156.3 152.1 144.5 139.1 135.9 133.6 131.6 129.6 127.3 125.4 124.8 125.4 125.2 125.9 132.2 139.1 143.4 145.6 147.9 150.1 152.7 155.6 158.4 163.2 164.5 163.4 159.6 155.1 153.3 154 155.6 156.9 156.3 157.7 161.1 164.5 168.8
5.8 -2.6 -2.6 18.7 22.2 22.2 19.6 18 19.4 20.4 21.3 21.5 20.8 20.4 20.7 18.9 14 11.5 11 12 12.8 14.2 16.7 17.4 17.6 19 20.7 21.7 23.1 26.3 31.5 37.1 42.3 49.1 66.5 97.8 128.1 146.1 149 157 162.2 163.2 161.6 159.7 152.7 142.9 136.9 134.2 131.5 129.6 128.3 126.5 124.4 124 123.1 122.6 126.5 134.2 138.4 142.3 145 147 148.6 150.1 151.9 156.1 159.5 160.3 156.5 154 150.3 150.4 151.4 152.7 153.5 154.7 157.8 160.7 163.7 167.7
-2.6 -2.6 15.5 21.1 22.5 22.6 21.3 19.8 20.2 20.6 21.5 21.9 20.9 19.9 20 18 15.4 14.1 12.4 13 14.9 17 19.3 19.7 19.3 20 21.2 22.7 25.2 28.7 32.6 37.8 42 48.6 65.9 97.3 118.1 134.2 153.6 164 165 167.3 166.3 162.5 151.3 139.6 135.2 132.3 129.4 128.5 127.5 125.7 123.5 122.7 120.4 120.8 128 132.9 136.9 141.3 143.8 145.5 147 148.5 150 152.6 153.6 152.9 151.9 148.6 147.5 147.8 148.9 150.1 151 155.2 159.7 162.6 165.6 171
-2.6 -2.6 20.4 21.8 21.7 21.1 21.1 21.6 20.1 20.1 20.4 20.3 19.4 16.7 15.3 14.3 14.5 14.5 13.9 14.7 16.9 18.6 20.1 20.8 20.6 20.7 21.8 22.9 25.2 29.6 33.8 37.7 42.1 49.5 65.4 85.5 103.9 128.1 155.3 166.5 170 168.1 169 159.1 146.4 136.8 133.3 130 127.3 126.8 125.9 124 122.1 121.9 117.5 121.1 126.5 131 134.9 139.4 141.2 143.2 145.2 147 148.2 149.4 150.2 149.8 148.4 145.5 146 146.8 147.9 149.3 151.6 155 161.1 163.9 168.3 174
-2.6 15.5 18.2 17.6 17.3 17.3 19 20.1 19.3 17.9 18.8 17.8 15.7 13 13.1 10.6 11 12.3 11.7 15.1 17.1 19.2 20.5 21.2 21.6 21.8 22.4 24.1 26.7 31.4 34.2 37.7 41.6 48 63.8 79.2 101.6 126.4 143.6 157.3 163.1 167.1 164.2 152.3 141.6 135 131.2 126.9 124.9 124.2 122.6 120.8 119.9 117.9 116.1 120.4 125 129.5 133.1 137.3 138.6 141.2 143.6 145.3 146.5 147.8 148.2 147.1 145.4 145.5 147.2 147.4 148.6 150 153.1 156.2 162.1 165.7 170.6 175.3
5.5 15.1 13.2 11.6 11.9 12.4 14.3 16 16.1 13.8 13.9 10.7 9.3 8 8.5 8.7 9 9.9 10.3 11.3 15 18.3 19.6 20.5 21.8 22.9 24.1 25.9 29.4 31.5 34.7 37.9 41.6 48 65.9 90.2 108 120 131.5 144.4 158.8 163.4 154.9 145.9 136.5 131.8 127.1 125.7 123.3 122.1 119.3 116.8 115.6 114.6 115.2 120.2 124.5 128.3 132.5 136.2 137 139.3 141.7 143.2 144.4 146 145.9 144.2 142.4 147.9 149.2 149.4 150.2 152.9 156 159.3 164.5 170.4 175.5 185.8
4.6 6.2 -2.6 -2.6 5.1 6.6 8.8 11.8 12.5 8.2 7 7.5 7 7.7 8.3 8.6 9.3 9.7 10.3 11.2 13 17.2 18.9 19.5 21 23 25.8 28.2 30.4 32.9 35.6 38.4 41.5 50.5 70 87.3 96.2 105.2 119.5 137 155 152.7 148.7 141.2 133.5 128.1 123.1 121 119.6 116 115.1 113.8 112.6 114.2 114.3 118.9 124 126.1 129.9 132.7 136 136.8 138.4 139.7 141.1 141.9 140.9 140.5 145.1 148.7 150.8 152.4 154.3 157.5 161.5 165.5 171.5 175.6 179.2 189.8
4.3 -2.6 -2.6 -2.6 4.6 5.5 5.4 6.4 7 5.7 6.3 6.4 6.7 7.2 7.9 8.2 8.8 9.7 10.6 11.4 11.9 13.3 16.4 18.8 21 22.5 26.4 28.5 30.3 32.7 35.9 38.8 43.2 51.5 67.3 75.1 81.9 94.1 114.1 131 137.7 143.1 142.7 135.5 128.3 122.8 117.5 115.4 113.9 112.6 111.9 111.5 109.6 110.8 114.5 118.8 121 123.7 127.4 129.3 132.8 135.2 135.2 136.6 136.7 135.3 136.8 140.9 146.2 151.4 154.5 156.6 158.9 163.5 168.1 172.4 175.7 180.4 186.1 194.5
-2.6 -2.6 -2.6 4.3 4.1 4.3 4.6 4.8 5 5.5 5.9 6 6.6 7.2 7.6 8.3 8.9 10 11.4 11.8 12.2 13.4 18.4 19.4 21.8 23 24.9 27.6 31.4 33.8 35.1 38.6 43.9 51.9 60.4 66.7 74.9 90.9 114.4 123.1 129.8 138.1 135.1 129 123.4 118.3 112.9 110 107.8 107.3 107.9 108.5 107.4 111.2 115.3 118.6 120.2 122.2 123.7 125.7 128.1 130.8 131.4 131.1 130.3 135.7 139.7 144.3 147.4 153.3 156.7 159.5 163.9 167.6 171.3 175.1 179 184.8 192.2 200.2
-2.6 -2.6 5.7 5.8 6.7 6.6 5.1 5.3 4.9 5.2 5.9 6.4 6.9 7.6 8.5 8.7 10.3 10.3 12.1 12.6 12.8 13.8 17.1 20.4 21.7 23.1 25 27.8 30.6 31.4 33.5 39.8 47.2 52.8 58.1 64.4 72.7 84.9 101.3 111.2 125 130.1 126.5 123.4 119.3 114.9 109 105.8 103.8 103.2 103.6 103.3 109.8 113.6 115.5 117.8 119.3 120.8 122 122.9 124 125.6 127.5 128.8 134.1 140.6 143.5 146 150.2 154 158.5 162.1 166 169.8 173.6 177.4 182.3 188.9 195.5 203.3
5.2 5.9 8.3 10 11.1 11 10.3 10.2 5.7 6.4 6.9 7.5 8.9 10.3 10.6 10.3 12.4 11.9 13.8 14.1 13.8 14.2 15.1 18.6 21.9 23.1 25.3 27 29.4 31.1 33.3 41.5 48.5 52.8 57.2 64.2 71.3 81.3 90.8 102.8 115.4 118.6 118.6 118.9 116.6 111.9 105.7 102.2 100.7 100.6 101 102.3 107.7 111.2 113.8 116.2 116.8 118 120 121.3 123.1 126.3 130.1 133.9 138.6 142.5 146 150 152.9 156 159.6 163.8 167.5 171.3 175.1 179 185.7 191.6 198.3 206.5
6.2 7 8.7 12.3 14.1 14.9 13.9 14 12.8 13.2 12.2 11.3 10.4 12.9 14.1 15.5 16.8 16.9 17.4 16.8 16.4 15.3 15.6 17.5 21.6 23.2 24.6 26.3 29.2 29.7 35.3 44.3 48.7 53.4 57.8 63.7 70.9 80.3 89.6 98.2 106.1 111.1 114 115.5 113.9 108.9 103.5 100.3 99.2 99 99.8 100.7 102.8 106.7 111.1 114.1 115.6 117.5 118.8 123.9 125.9 131.6 134.1 137.2 140.6 144.6 148.1 150.9 153.5 156.7 161.4 165.3 169.2 172.9 176.8 182.6 188.2 195 201 209.5
7 9 9.7 11.7 14.8 17.6 17 16.5 15.7 15.3 15.5 15.2 13.6 16.5 18.1 19.7 19.8 20.5 20.5 19.9 19.4 16.9 16.2 16.8 18.8 20.7 23 24.5 26.1 28.7 39 45.1 49.1 53.4 57.7 63.4 70.9 80.8 87.9 94.8 101.7 107 111 112.9 111.5 107 101.9 98.7 98.6 98.5 99.4 100.6 101.8 104.3 108.4 111.4 115.7 116.4 120.8 126.5 129.6 132.7 135.9 139.1 142.4 145.5 148.6 151.2 154.6 159.6 162.9 166.5 170 173.7 178.2 184.1 190.6 197.2 204.3 213.4
8.5 10.2 10.8 12 14.9 17.6 17.8 18.5 17.9 17 18.4 14.7 17.3 18.8 20.8 21.5 22.2 22.1 22.6 22.6 21.6 17.7 17 17.4 19.8 23.2 24.4 25.5 27.5 31.6 39.5 45.7 49.8 53 58.6 66.8 73.7 79.6 85.4 92.3 97.8 104.5 109.2 110.7 109.3 105 99.9 98.6 98.1 98.2 99.3 100.4 101.5 102.6 105.9 110 112.1 114.4 121.9 127.3 131.2 135.4 138.6 141.6 143.6 146.6 149.6 152.2 156.6 160.9 163.8 166.7 170 174.2 179.3 185.1 191.2 197.9 205 214.4
10.4 12.1 12.5 12.8 13.7 17.9 19.4 20.4 20.6 19.1 19.3 16.5 19.8 21.2 22.7 22.7 23 24 24.4 24.2 23.5 17.3 17.6 18 20.8 25.2 26.1 27.3 28.8 32.7 40.5 44.9 49.1 54 62.7 69.9 74.3 78.6 82.3 88.6 95.1 100 105.6 107.1 106.1 103.5 100.3 98 97.7 98 99.2 100.5 101.9 102.7 105.1 107.4 109.8 117.5 123.4 128.1 133.3 137.3 140.2 142.9 144.1 146.7 150.2 153.4 156.8 160.3 163.3 166.3 170 174.3 178.7 185.3 191.6 198.3 205.8 216.2
12.6 13.7 13.6 14 16.3 19.2 20.9 21.7 21.6 20.4 19.9 17.7 20.8 23.2 24.3 24.1 24.4 25.3 25.9 25.4 22.6 17.7 18 19.1 20.4 24.1 25.8 27.6 29.8 34 40.5 44.5 50.2 58 66.5 70.9 73 76.6 81.6 87.3 92 96.6 101.6 104 104.5 102.4 99.7 97.5 97.1 98.2 99.5 101.1 102.7 104.1 105.4 108.4 114.5 119.9 125.8 130.5 134.3 137.8 140.1 141.3 142.9 145.1 149.1 151.9 155.1 159.1 162.5 166.4 170.1 174.3 178.9 186 192.3 199.8 206.6 214.2
12.6 14.1 15.2 15.4 17.1 19.5 21.5 22.3 22.3 22.2 21.3 19.9 20.2 22.3 24.8 25.6 25.5 26.5 26.9 26.2 21.9 18.3 18.9 20.1 20.9 23.1 24.6 27.6 30.7 35.7 40.3 44.8 51.4 59.3 65.6 68.9 71.2 74.6 79.9 85.1 90.5 95.1 98.5 101.6 102.2 100.9 98.8 96.7 96.9 98.6 100.6 102.5 104.3 105.9 107.8 113 119.2 124.2 127 131.1 134 135.9 135.5 139.8 142 144.8 147.4 150 153 157.1 160.3 163.8 169.5 174.4 180.1 186.7 192.6 198.8 205.2 211.7
11.1 12 14.1 15.4 17.5 19 20.9 22 22.9 23.5 23.7 24.4 24.3 24 24.6 26 26.3 27 27.3 27.2 22.2 19.2 19.7 20.3 21.2 21.9 24 26.9 29.9 34.3 38.6 45.1 50.6 57.6 62.3 66 70.1 74.2 79 84.3 89 93.6 97.9 100.1 99.3 98.4 97.1 95.9 98 99.6 101.5 103.4 106 108.4 111.5 116.1 120.8 124 123.5 126.2 130.2 133.5 137.7 141 144.1 146.9 149.3 151.9 155.7 158.6 160.9 163.7 168 172.6 177.5 183.9 188.8 194.6 202.3 209.5
9.2 11.5 11.4 13.1 16.6 18.7 20.9 22.2 23.1 24.4 24.6 25.8 26.1 26.5 25 25.6 25.9 27.2 27.3 27.4 23.7 20.2 20.4 21.2 22.2 23 24.6 27.2 28.5 31.6 35.3 39.9 40.8 45.9 51.3 63 68.1 72.8 78.4 84.4 89.3 93.3 98.4 97.3 95.5 94.8 94.5 96.4 98.3 100.4 102.6 104.3 106 110 113.4 116 118.3 120 125.4 129.9 132.4 135.3 138.7 143 147 150.1 153.2 156.6 160.3 163.4 166.8 170.7 174.7 180.3 187.2 182.5 193.5 201.5 208.9 216.2
13.3 13.9 15.6 14.6 16.6 19.3 19.7 21.5 23.3 24.8 25.7 26.1 26.7 27.4 27.1 27.2 27.4 27.6 28 27.9 27.1 25.4 21 22.3 23.4 23.9 25.2 28.2 28.6 30.5 33 37.9 45.7 52.5 56.6 61.4 67.2 72.4 78.4 85.3 89.6 94.5 99.5 94 92.6 93.5 95 96.7 98.3 100.5 103.7 106.9 110.6 115.9 119.2 122.6 124.6 126.2 128.6 131.4 133.9 137.7 141.9 146.1 150.1 153.6 157.3 161 164.3 167.3 172.4 177.1 184.1 191.5 196.7 197.2 192.1 199.3 209.6 217.9
15.6 16.8 17.8 17.6 17.2 19.8 21.7 23.1 23.6 25 26.4 27 28 28.8 29.8 30.1 29.7 28.9 29 29.4 29.5 28.2 24.6 22.9 23.6 24.8 25.9 27.4 29.4 32 37.5 43 51.2 55.5 54 60 64.8 69.7 76.2 82.8 89.1 92.8 94.3 91.3 92.1 94.1 95.4 96.9 100 104 108.6 111.3 114.3 118.1 122.1 125 127.4 128.6 130.3 132.3 136.2 141.2 146 149.9 153.6 157.2 160.3 164.4 168.1 171.9 177.6 184.8 191.7 197 202.4 205.9 206.6 203.6 204 210
